,cat,id
0,3,179532
1,3,694181
2,1,1582062
3,1,2089112
4,0,2667423
5,4,3101984
6,1,5019535
7,1,5506400
8,3,6691051
9,1,6701542
10,4,8064519
11,3,9516977
12,3,9747576
13,1,10673905
14,2,11194250
15,1,11233293
16,4,11242535
17,3,11311902
18,0,11890966
19,4,12281535
20,3,13714038
21,1,14944201
22,4,16520261
23,3,19033198
24,0,21481394
25,4,21817030
26,1,21846552
27,0,22586128
28,4,23214324
29,1,23380607
30,1,24518731
31,0,24519943
32,1,24813951
33,3,25036140
34,4,27524205
35,0,27640149
36,0,27642674
37,3,28388149
38,1,29009445
39,4,29128556
40,1,29640235
41,4,30165587
42,1,30531867
43,4,30960810
44,4,33289167
45,3,33700078
46,3,33754342
47,3,33948262
48,3,34877412
49,2,35443686
50,3,36273948
51,1,36566320
52,4,36646223
53,0,38144687
54,0,39728497
55,0,39820461
56,2,40155966
57,2,40432453
58,0,40649874
59,0,40672004
60,3,41795936
61,4,43035166
62,2,43743159
63,0,44214735
64,3,44270125
65,3,44776442
66,1,45243353
67,3,45381654
68,4,45552118
69,3,46448506
70,3,46793394
71,3,47483996
72,1,49115348
73,3,49304024
74,4,50229789
75,1,51855315
76,1,54126754
77,2,54183544
78,0,54847881
79,3,54931676
80,3,56533922
81,1,60075706
82,3,61860153
83,1,62114871
84,3,63867142
85,3,64675097
86,4,65563615
87,0,65694809
88,1,66049558
89,3,67104725
90,1,67437060
91,3,67875315
92,1,68182129
93,1,68504042
94,4,68524238
95,0,68552493
96,4,68802189
97,4,69700192
98,1,69791711
99,3,69797742
100,1,72199125
101,3,72550728
102,3,73033610
103,0,73428448
104,1,73896262
105,4,76292712
106,1,76949938
107,0,77041876
108,1,78399506
109,1,79766523
110,3,80439814
111,1,80510873
112,1,81704028
113,1,81729154
114,3,81768073
115,4,82913879
116,3,83795134
117,0,84057125
118,3,84057410
119,0,84177035
120,3,84187594
121,2,84193881
122,0,84567320
123,1,85269559
124,3,85772507
125,0,86471773
126,0,87142946
127,3,87251920
128,1,88254258
129,1,88866117
130,1,89002669
131,2,89107789
132,3,89593986
133,3,90511362
134,0,91542032
135,4,92557341
136,3,94148422
137,3,94427821
138,1,95015277
139,1,95626918
140,1,95629303
141,4,96994250
142,0,97626474
143,0,99498135
144,1,103771995
145,0,104011519
146,2,104474012
147,1,104514373
148,3,108637770
149,3,108850295
150,2,109115088
151,4,109703505
152,1,110316452
153,4,110653774
154,3,111376711
155,0,112784465
156,1,114708309
157,2,117351808
158,1,117647920
159,4,118753557
160,4,118753643
161,1,118966579
162,2,120034702
163,4,120042313
164,2,120150356
165,1,121172245
166,4,121172286
167,1,121572313
168,1,121972427
169,1,122224825
170,3,122566677
171,0,125287275
172,4,125489573
173,1,125702169
174,1,125971724
175,1,126216026
176,2,126804425
177,4,127684549
178,0,127951445
179,1,129108997
180,4,129719501
181,3,130060243
182,4,134397355
183,0,134397605
184,1,134490801
185,3,136962671
186,3,138822566
187,3,139080218
188,4,139580038
189,1,139953046
190,4,140299717
191,1,141772817
192,3,142730645
193,3,145261256
194,4,145291363
195,2,145291984
196,1,145600315
197,4,146171340
198,4,146751627
199,0,149462043
200,3,150621673
201,3,152630095
202,3,153620055
203,4,155187103
204,0,156482667
205,3,156631672
206,4,156917171
207,3,158889639
208,4,159004603
209,3,159382353
210,3,160133002
211,1,161447174
212,4,161549215
213,1,162280067
214,0,164354620
215,3,164539391
216,1,164780851
217,1,165186421
218,0,165421365
219,2,165550901
220,3,166002822
221,3,166776978
222,1,167518262
223,1,168004950
224,3,168153046
225,1,168902253
226,1,172348855
227,1,173100619
228,3,173734041
229,0,173796493
230,1,174152720
231,1,175208565
232,1,178250385
233,1,179762806
234,3,180012064
235,1,181507371
236,1,182114220
237,1,182264805
238,1,182306868
239,1,183005812
240,1,183010018
241,4,184691122
242,1,184912276
243,2,189947140
244,3,190060305
245,0,190439748
246,4,192440186
247,1,193563700
248,3,193908865
249,2,194439256
250,3,195266816
251,3,195730542
252,0,195875726
253,4,196273362
254,3,196421155
255,1,199363096
256,3,200131896
257,0,201775875
258,0,201776173
259,3,202944731
260,4,203085940
261,1,203155453
262,1,204050986
263,3,206537891
264,0,206799178
265,1,208049119
266,1,209868573
267,1,210823377
268,4,211958843
269,4,212029398
270,1,212743728
271,1,213930854
272,0,214783419
273,4,215207131
274,3,215285457
275,0,215457052
276,1,215630442
277,3,216760915
278,4,217515161
279,1,217586048
280,3,219878904
281,3,220007327
282,0,220902401
283,4,222342473
284,4,222381788
285,0,222527532
286,1,225164839
287,0,226687101
288,4,226958763
289,4,226959852
290,3,227182517
291,1,229348887
292,1,230378507
293,4,231385150
294,2,231385840
295,0,231491051
296,4,231816877
297,3,232283189
298,1,232980244
299,3,233141370
300,0,235639623
301,1,235911784
302,3,236320049
303,0,237612088
304,1,238069220
305,3,238730538
306,3,238963278
307,0,240010370
308,2,240060196
309,4,240468613
310,4,240548964
311,4,240549110
312,3,241696837
313,4,241969198
314,3,243712790
315,1,243929630
316,1,244762363
317,3,244870167
318,0,247561545
319,3,248745745
320,3,248924334
321,0,249385524
322,0,249518073
323,4,249609447
324,4,249794873
325,3,251421424
326,0,252994174
327,0,253091637
328,3,255651141
329,1,256547682
330,3,256777983
331,4,257531199
332,3,261673077
333,3,262194884
334,2,262851756
335,1,264477633
336,1,264777926
337,0,265922920
338,1,265980975
339,4,266861623
340,3,267051211
341,4,267200123
342,4,267573233
343,0,268290445
344,3,269178775
345,3,269833280
346,0,270313261
347,3,270846794
348,0,270888981
349,0,271059738
350,0,271375425
351,2,271502486
352,0,272059667
353,3,272609778
354,3,272976175
355,1,273086253
356,4,273430154
357,3,273926160
358,1,273940422
359,0,274831019
360,1,275247691
361,1,275471703
362,4,276054654
363,2,276214375
364,1,276337573
365,4,276531316
366,3,276846220
367,0,279059622
368,0,279805008
369,1,279832661
370,3,280181709
371,1,281248678
372,3,282907419
373,4,283270790
374,1,283549353
375,3,284710971
376,4,284736207
377,0,287548024
378,4,287573769
379,3,287688892
380,3,289488586
381,4,291394037
382,3,291451087
383,3,293457380
384,1,294193519
385,1,294605082
386,3,294873400
387,3,294993457
388,4,295154535
389,1,295646789
390,2,295723865
391,0,296045001
392,0,296340374
393,2,296952854
394,1,297043476
395,1,297072741
396,1,297618965
397,0,298803037
398,0,298954698
399,3,299278189
400,1,299526634
401,1,299572860
402,4,300614174
403,4,300614339
404,3,301332486
405,3,301349310
406,1,302430253
407,3,302528491
408,2,304903421
409,4,305570897
410,1,306387614
411,1,307257249
412,3,307537066
413,3,307561068
414,4,308338586
415,1,308633567
416,3,310247797
417,1,310251973
418,0,311965291
419,4,312232861
420,4,313723790
421,3,314397236
422,4,315980854
423,3,316160783
424,0,316471561
425,0,316867466
426,0,317222840
427,0,317632390
428,3,318258549
429,4,318766810
430,3,319261208
431,1,319355328
432,1,319528075
433,1,319793786
434,1,320133763
435,0,320179877
436,0,320182714
437,3,321129218
438,3,321421469
439,3,321438093
440,0,321828326
441,0,322881571
442,2,323575307
443,4,323760020
444,1,323832859
445,1,324113801
446,3,324217680
447,1,324575708
448,0,324700361
449,4,324826669
450,4,324906553
451,1,326217293
452,3,326282752
453,3,327352950
454,4,327618890
455,4,328103479
456,1,328173070
457,4,328271520
458,1,328880096
459,4,332076673
460,0,332140617
461,4,332204684
462,1,334784506
463,3,335871636
464,0,336112141
465,3,337274064
466,1,340002896
467,1,340031876
468,1,340465682
469,0,342283025
470,4,343738369
471,4,344245623
472,3,344829589
473,3,345487602
474,2,346861931
475,0,347530325
476,3,347790683
477,4,347808341
478,3,348925387
479,4,349255075
480,4,349388741
481,3,349728317
482,1,349923531
483,0,350695781
484,4,350794166
485,3,350843155
486,3,351391360
487,3,351641878
488,1,351744795
489,3,352286751
490,3,352345218
491,3,353286265
492,2,353637654
493,3,354419894
494,3,355634999
495,1,355661397
496,0,355825802
497,2,355906989
498,3,355957325
499,3,357449627
500,4,357979267
501,0,358437089
502,2,359483029
503,3,359495186
504,1,361378111
505,2,361703682
506,0,361999819
507,3,362427059
508,3,362889906
509,0,363077465
510,1,365578009
511,0,366260312
512,4,366633741
513,0,366685475
514,2,366733886
515,2,367474596
516,1,367636459
517,0,368119605
518,1,369287374
519,1,369680196
520,1,369805051
521,1,371279615
522,3,372027806
523,1,372660053
524,3,373060803
525,1,373288754
526,0,376338343
527,1,376452410
528,4,377750723
529,1,378458763
530,4,378523383
531,0,379657999
532,4,379702680
533,3,381376890
534,0,381441584
535,4,381644946
536,1,382687290
537,4,382855137
538,4,383076297
539,4,383280935
540,3,383377494
541,0,383426906
542,4,383643602
543,3,383746042
544,0,383799037
545,1,384427611
546,0,384970736
547,1,385472825
548,1,385717168
549,4,385731754
550,0,386505621
551,0,386506531
552,2,386511956
553,1,388127921
554,1,388708234
555,1,389069665
556,4,389588854
557,2,389686413
558,1,389743941
559,3,389745634
560,1,389881331
561,1,390452477
562,3,391095799
563,1,391110523
564,1,391750437
565,4,391812429
566,4,395175917
567,0,397037536
568,0,397758307
569,2,397765599
570,3,397895019
571,4,398160892
572,2,401022225
573,0,402092586
574,4,404199290
575,3,404450496
576,4,405354484
577,3,406431901
578,3,407595625
579,1,408702476
580,1,409511188
581,0,410831084
582,4,410880817
583,2,411702599
584,3,413247749
585,4,413349512
586,3,413952279
587,1,413952303
588,4,413964773
589,0,414052368
590,1,415116264
591,1,416556625
592,1,417012556
593,3,417436667
594,3,421015416
595,3,421695122
596,3,429025133
597,0,430213770
598,0,430286042
599,2,430712555
600,2,430826419
601,0,430864944
602,2,431175779
603,0,443700784
604,4,444834845
605,2,445196437
606,1,445469963
607,1,445978799
608,0,448289534
609,4,449785497
610,4,450049052
611,2,451736289
612,0,451935549
613,0,451936325
614,3,452174092
615,2,452329438
616,1,452758560
617,0,452911069
618,1,453032042
619,3,453221270
620,0,453299886
621,0,453389787
622,0,453593123
623,0,453863562
624,0,453942680
625,0,453951581
626,0,454098161
627,3,454121820
628,0,454339274
629,1,454486475
630,0,454554064
631,2,455842126
632,1,456019861
633,2,457041200
634,0,457992159
635,0,458341568
636,3,458930431
637,1,459955616
638,2,459963538
639,2,459992471
640,2,460273434
641,0,460322235
642,0,460432129
643,0,460521037
644,0,461039345
645,1,462052256
646,0,462265471
647,3,462803108
648,3,462988360
649,0,463673867
650,3,464532638
651,0,464924552
652,1,465522947
653,0,465569171
654,2,465690698
655,0,465826352
656,4,466212600
657,1,466672101
658,3,467167365
659,0,467234777
660,1,467550021
661,1,467832514
662,1,467833586
663,2,468783255
664,2,469292745
665,1,469386123
666,4,469552478
667,4,469633592
668,0,469646617
669,1,470277593
670,1,470318697
671,2,470678895
672,4,470687894
673,2,471000311
674,4,471785055
675,0,472092204
676,0,472572866
677,4,472634204
678,0,473022828
679,0,473098080
680,2,473787863
681,2,474564082
682,1,474782993
683,0,474813769
684,2,475160338
685,2,475199676
686,0,475921396
687,0,475922726
688,0,475926766
689,0,476293508
690,3,476995673
691,2,477579799
692,1,478394177
693,0,479475412
694,0,481013247
695,3,481208158
696,0,481341473
697,1,481846756
698,0,483285775
699,1,483806936
700,3,484903884
701,0,485839424
702,2,487427695
703,4,488171205
704,2,488197477
705,0,488223489
706,0,488232812
707,3,488392384
708,2,488484584
709,0,489934650
710,0,490226645
711,2,490228501
712,2,490410815
713,2,490415220
714,2,490577794
715,0,490702206
716,3,491498099
717,2,491551681
718,0,492240746
719,0,492706054
720,0,492758764
721,0,492835154
722,0,493446873
723,1,493582554
724,2,493950993
725,1,495103384
726,2,495190727
727,2,495663996
728,2,495666170
729,2,496043953
730,1,496115979
731,1,496257526
732,2,496746068
733,0,497564650
734,2,497953046
735,0,497988523
736,0,498040175
737,2,498367784
738,2,498917885
739,0,499944731
740,1,500634476
741,2,500768620
742,3,500849035
743,0,501431593
744,2,501433057
745,0,501584805
746,2,501587464
747,2,501588421
748,0,501747664
749,3,501856203
750,1,505478358
751,0,506147860
752,1,506242323
753,0,506585995
754,0,506816413
755,0,506902188
756,2,507116713
757,2,507396434
758,2,507416292
759,2,507437670
760,2,507701212
761,0,507958458
762,3,508267954
763,1,508287688
764,0,509278869
765,0,509283243
766,0,510148648
767,4,510407572
768,0,510896755
769,0,511239380
770,1,511241601
771,0,511284519
772,0,511506854
773,3,511510795
774,0,511573845
775,0,512118924
776,0,512154894
777,2,512517812
778,4,512974775
779,2,513267608
780,3,513951996
781,2,513963704
782,3,514261417
783,0,514874253
784,0,515752102
785,1,515771002
786,0,515885531
787,3,516541162
788,0,517121136
789,3,517361774
790,2,517400977
791,0,517402927
792,2,517481003
793,1,518091652
794,0,518901739
795,2,520396737
796,0,520398547
797,1,520400857
798,0,520438991
799,0,520761033
800,3,521086064
801,2,521801978
802,3,522007353
803,0,522062610
804,4,522165646
805,0,522441193
806,0,522443942
807,3,522473946
808,1,522621561
809,3,523339667
810,3,523357265
811,0,523478409
812,1,523813398
813,1,524357632
814,3,524438418
815,1,524513013
816,2,524569766
817,0,524592925
818,0,525186669
819,0,525962855
820,0,526167354
821,3,526768119
822,0,527167290
823,2,528358149
824,0,529167489
825,0,529895284
826,0,529900155
827,2,530543602
828,2,532011142
829,0,532780512
830,2,532934914
831,0,533177930
832,0,533368807
833,2,533553983
834,1,534886063
835,0,535663588
836,1,536300462
837,2,536481938
838,2,537111735
839,2,538060943
840,0,538070992
841,2,538118912
842,2,538132979
843,4,538139283
844,3,538397725
845,0,538688795
846,1,538887510
847,1,538918355
848,0,540267693
849,0,541429228
850,2,541520475
851,2,541521952
852,2,541686202
853,4,542275768
854,2,542295041
855,0,542339162
856,1,542656837
857,0,543189573
858,3,543527713
859,3,543690179
860,0,543934550
861,0,544115641
862,2,544406790
863,0,544856142
864,1,544999495
865,2,545012440
866,0,545099578
867,2,545106418
868,0,545311149
869,2,545590089
870,2,545682972
871,2,545765193
872,4,546710375
873,0,546955880
874,3,547041442
875,2,547509714
876,3,547582151
877,2,547681786
878,2,547834803
879,1,548622727
880,2,548704773
881,3,549729710
882,1,550124277
883,2,550381313
884,2,550384999
885,3,550625245
886,0,552176524
887,0,552213526
888,3,552214394
889,3,552508307
890,0,552593422
891,1,552891546
892,2,552954916
893,0,553769203
894,0,556014225
895,0,556160813
896,0,557626098
897,0,557634115
898,2,558061146
899,0,558455353
900,3,558719811
901,0,558832415
902,2,559023177
903,0,559340129
904,0,559888863
905,0,560063172
906,2,560075734
907,2,560374738
908,1,561041375
909,2,562299243
910,0,562303341
911,0,562708690
912,0,563055504
913,2,563145523
914,0,563592673
915,2,563666540
916,0,563974287
917,2,564141387
918,2,564229506
919,2,564302036
920,1,564386837
921,0,565277257
922,2,565443760
923,1,565623400
924,4,565665253
925,3,565705319
926,0,566694660
927,3,567040530
928,1,567621965
929,2,567629003
930,0,567731412
931,3,568187929
932,2,568265928
933,0,568416678
934,1,568816695
935,0,571902155
936,3,572656721
937,0,575027061
938,3,576248686
939,2,576275711
940,2,576578191
941,0,576671019
942,0,576774544
943,0,576783111
944,0,576792538
945,2,576915458
946,2,576934292
947,2,577175220
948,4,577304045
949,2,577501798
950,2,577597964
951,0,577649507
952,0,577888934
953,2,577999734
954,0,578082837
955,2,578134256
956,2,578137164
957,2,578604429
958,2,579179359
959,2,579841693
960,3,579934699
961,0,580022199
962,3,580153006
963,0,580656235
964,2,580804019
965,0,581600228
966,2,582198316
967,2,582550267
968,0,582551761
969,2,582581707
970,0,582656183
971,4,582858179
972,0,584905623
973,2,585336984
974,0,585609463
975,0,585665647
976,2,585684573
977,2,585751804
978,2,586356130
979,0,586364497
980,0,587125244
981,2,587696688
982,0,587708367
983,1,587816236
984,3,587932541
985,3,588658655
986,2,589191142
987,1,589295902
988,0,589713204
989,1,590528743
990,3,591458506
991,1,592368255
992,0,592994265
993,4,593068279
994,1,593222782
995,0,593224982
996,2,593521452
997,3,593677977
998,2,594140647
999,2,594299486
1000,0,594775571
1001,2,594866637
1002,0,594959360
1003,0,594977321
1004,0,595217484
1005,4,596055518
1006,0,597500520
1007,2,597786800
1008,0,598776443
1009,1,598836060
1010,2,598937532
1011,0,598946162
1012,0,600628532
1013,2,600821427
1014,2,600824678
1015,0,601011130
1016,4,602123394
1017,0,602244374
1018,0,602383194
1019,0,602446514
1020,0,602501307
1021,2,602831882
1022,1,602902837
1023,0,602970058
1024,3,603144265
1025,2,603168898
1026,1,603491285
1027,0,603577371
1028,3,603579404
1029,3,603729637
1030,0,603760475
1031,3,603776013
1032,0,604442469
1033,2,604500590
1034,0,604507903
1035,0,604679612
1036,2,604954837
1037,0,605212064
1038,0,605267620
1039,1,605412894
1040,1,605686774
1041,2,606300564
1042,2,606923893
1043,2,607052467
1044,0,608208352
1045,0,608416950
1046,0,608713708
1047,0,608967477
1048,2,609741198
1049,1,609843126
1050,0,609904883
1051,2,610142528
1052,0,610292184
1053,2,610616079
1054,0,611575424
1055,0,611702973
1056,2,611828036
1057,3,611829596
1058,2,612251779
1059,0,613250633
1060,2,613867227
1061,2,613890948
1062,2,613894886
1063,1,613968709
1064,2,614774730
1065,0,615613762
1066,0,615702757
1067,3,616342886
1068,3,616528422
1069,2,616980021
1070,3,617024602
1071,0,617074271
1072,1,617163381
1073,2,617725661
1074,2,617772126
1075,1,618978258
1076,2,619072379
1077,0,620829874
1078,0,620953399
1079,0,620953565
1080,4,621233879
1081,2,621560185
1082,0,621583343
1083,0,622027557
1084,0,622030688
1085,2,622408931
1086,1,622968074
1087,0,622980242
1088,2,623489608
1089,0,623652643
1090,0,623654698
1091,0,623655381
1092,0,623730978
1093,0,624791063
1094,2,625067213
1095,4,626882490
1096,0,627077533
1097,1,627204579
1098,1,628248947
1099,1,628646502
1100,0,628649034
1101,0,628919355
1102,0,629060899
1103,0,629561874
1104,2,629743312
1105,0,633106464
1106,0,633483047
1107,3,634131925
1108,0,634339472
1109,0,635443916
1110,0,635547134
1111,0,636479011
1112,0,636724542
1113,1,637013066
1114,0,637075880
1115,2,637760324
1116,0,637797997
1117,0,638565872
1118,2,638661357
1119,2,638967409
1120,3,639340049
1121,1,641237756
1122,2,641301092
1123,1,641322615
1124,3,641577696
1125,3,641745734
1126,0,642011737
1127,1,642089862
1128,3,642898004
1129,2,643532561
1130,0,643615752
1131,0,643939664
1132,0,644010457
1133,2,644079767
1134,1,644127205
1135,3,644671150
1136,0,644869875
1137,2,645009695
1138,0,645245946
1139,2,645267679
1140,2,645739246
1141,0,645888179
1142,0,646407436
1143,0,646817131
1144,1,649674193
1145,2,650458648
1146,1,650517010
1147,0,650535503
1148,0,650613818
1149,3,650734088
1150,0,651131807
1151,2,651500469
1152,2,651599643
1153,0,651701561
1154,0,651747453
1155,2,651760847
1156,0,651843699
1157,3,651964030
1158,0,652075708
1159,0,652342605
1160,2,652495727
1161,2,653120185
1162,1,653332169
1163,3,653341077
1164,3,653389957
1165,2,653570594
1166,3,661621552
1167,1,662493672
1168,1,663026733
1169,1,663763670
1170,2,663809364
1171,0,663862183
1172,0,663973389
1173,0,664093969
1174,1,664301584
1175,0,664523352
1176,1,664573546
1177,2,664867102
1178,2,665274357
1179,0,665349914
1180,1,665824071
1181,2,666405469
1182,1,667774890
1183,1,667939972
1184,3,668091769
1185,2,670237621
1186,1,671111403
1187,1,671403989
1188,0,671690302
1189,2,672896908
1190,2,672964486
1191,1,673179666
1192,0,673752629
1193,0,673755420
1194,0,674713825
1195,0,674938546
1196,3,675173507
1197,3,675279221
1198,1,675623999
1199,3,675626617
1200,0,675630138
1201,0,675851601
1202,1,675861215
1203,1,676058832
1204,0,676323371
1205,0,677174647
1206,0,677175068
1207,0,677709003
1208,3,678346962
1209,2,678348685
1210,2,678580739
1211,2,678580858
1212,0,678857210
1213,0,681458921
1214,0,681576285
1215,1,681704884
1216,0,682019384
1217,1,682190385
1218,2,683531018
1219,2,684061046
1220,1,684203566
1221,3,684835143
1222,0,685319784
1223,1,686363256
1224,3,686735237
1225,2,686749113
1226,0,686813020
1227,0,687179792
1228,0,687213405
1229,2,687454434
1230,0,687460810
1231,3,687564747
1232,2,687742145
1233,1,687791833
1234,0,688005592
1235,2,688062885
1236,2,688264609
1237,0,688324191
1238,2,688355199
1239,3,688601174
1240,0,688602496
1241,2,688627275
1242,3,688627897
1243,0,688630108
1244,0,688680464
1245,2,688827282
1246,0,688926151
1247,0,689298019
1248,0,689309705
1249,1,689332775
1250,0,690039899
1251,0,690328361
1252,4,690504063
1253,1,690595781
1254,0,690613969
1255,2,690684564
1256,3,690890357
1257,2,690909243
1258,0,691226938
1259,4,691378659
1260,3,691393360
1261,1,691539327
1262,0,691604838
1263,0,691758297
1264,1,691788636
1265,0,692135661
1266,0,692183083
1267,2,692799385
1268,0,692942517
1269,1,693286370
1270,2,693619082
1271,0,693986018
1272,0,694157013
1273,2,694362567
1274,2,694362659
1275,0,694591161
1276,0,694825089
1277,2,695602508
1278,1,695956301
1279,0,696012418
1280,4,696729207
1281,0,697747469
1282,0,697846470
1283,2,698009511
1284,2,698322055
1285,2,698699160
1286,1,699410354
1287,1,700940686
1288,2,701114692
1289,2,701201779
1290,0,701348885
1291,3,701369066
1292,0,702363894
1293,1,702491263
1294,2,703702872
1295,4,703713676
1296,0,703930258
1297,2,704598829
1298,1,704702511
1299,2,705108703
1300,0,705113986
1301,0,706045552
1302,1,706065729
1303,4,706306806
1304,0,706838480
1305,0,706982349
1306,0,707857381
1307,0,707942174
1308,1,708308669
1309,0,708424060
1310,0,708604141
1311,2,708735296
1312,0,708857575
1313,0,708916449
1314,0,708939962
1315,1,709752105
1316,0,709762212
1317,0,709887506
1318,2,710024891
1319,2,710294316
1320,3,710575115
1321,4,710657834
1322,3,710672634
1323,1,710974323
1324,2,711003775
1325,0,711004853
1326,0,711245969
1327,0,711469900
1328,3,711888091
1329,1,712250974
1330,2,712458893
1331,2,713006000
1332,0,713227013
1333,0,713832622
1334,0,713937476
1335,0,714035895
1336,0,714044286
1337,1,714301068
1338,3,714308267
1339,0,714337092
1340,0,714337628
1341,0,714362992
1342,3,717148673
1343,2,718996888
1344,2,720785939
1345,1,721123735
1346,1,721702426
1347,1,722115014
1348,2,722669789
1349,2,722955316
1350,2,723047412
1351,3,723695807
1352,2,724308519
1353,3,724806267
1354,0,725227159
1355,2,726420574
1356,2,728648915
1357,2,729086855
1358,0,729232192
1359,0,729242249
1360,0,729247625
1361,0,729248368
1362,0,729251722
1363,0,729254378
1364,0,729256269
1365,0,729259961
1366,0,729267093
1367,0,729273185
1368,0,729278170
1369,0,729280940
1370,0,729291157
1371,0,729301640
1372,0,729310637
1373,0,729312748
1374,0,729317383
1375,0,729321971
1376,0,729324329
1377,0,729331344
1378,0,729341677
1379,0,729346683
1380,0,729347443
1381,0,729347474
1382,0,729349417
1383,0,729461090
1384,0,730028138
1385,0,730638825
1386,0,731986045
1387,2,732477282
1388,1,733074051
1389,2,733355219
1390,0,733839399
1391,0,733995944
1392,3,734060491
1393,2,734202596
1394,0,735020816
1395,3,735101023
1396,0,735550579
1397,0,735717704
1398,4,735838454
1399,0,736197710
1400,2,737054513
1401,3,737415945
1402,4,737597038
1403,4,738086215
1404,0,738210063
1405,0,738243487
1406,0,738549165
1407,0,738807967
1408,2,738835228
1409,0,741509954
1410,2,742129343
1411,1,742151379
1412,2,742238917
1413,2,742243525
1414,0,743002179
1415,0,743027231
1416,2,743154410
1417,2,743489719
1418,1,743911560
1419,2,744226573
1420,2,744882822
1421,2,744978679
1422,2,747336070
1423,0,747737166
1424,3,747758097
1425,0,747758943
1426,2,747764739
1427,0,747903069
1428,2,747909954
1429,2,748199475
1430,4,748865707
1431,0,749390753
1432,2,749453153
1433,0,749891705
1434,0,749910655
1435,0,749948745
1436,1,749959434
1437,2,749966140
1438,2,750009964
1439,0,750838941
1440,0,751465400
1441,2,751468090
1442,0,751509861
1443,3,751510945
1444,0,751573533
1445,0,751609318
1446,0,751758479
1447,0,751892509
1448,0,751916081
1449,0,751943265
1450,0,751992380
1451,0,751993963
1452,2,752012992
1453,0,752021467
1454,3,752259213
1455,0,752293158
1456,0,752344287
1457,0,752346410
1458,0,752346832
1459,0,752395305
1460,0,752896251
1461,0,752964697
1462,0,752964990
1463,0,753193851
1464,1,753518187
1465,2,753539571
1466,2,754293217
1467,0,754697477
1468,0,755917576
1469,4,756104149
1470,1,756200943
1471,2,757378758
1472,0,757567108
1473,3,758962116
1474,1,759245374
1475,2,759393062
1476,2,759691348
1477,0,759998556
1478,2,760513992
1479,2,761561184
1480,0,761646926
1481,1,763343794
1482,0,764553384
1483,0,764561349
1484,0,764767219
1485,2,764820808
1486,0,766212525
1487,0,767354864
1488,2,767357417
1489,1,768213589
1490,4,768229335
1491,1,769129470
1492,0,769990620
1493,1,772140029
1494,2,772659575
1495,2,774347222
1496,0,774525845
1497,0,774784868
1498,1,774990164
1499,0,775063456
1500,0,775188604
1501,2,775436650
1502,3,775536164
1503,0,776146642
1504,0,776719546
1505,2,778385927
1506,0,778416371
1507,1,779220122
1508,1,779810110
1509,2,779906239
1510,0,780367652
1511,3,780847063
1512,3,780855822
1513,0,780856688
1514,0,780971229
1515,0,781303945
1516,0,783025615
1517,2,784556494
1518,0,784599586
1519,0,784613677
1520,2,785302944
1521,3,785372659
1522,0,785486527
1523,2,786460133
1524,0,786503724
1525,3,786766028
1526,0,786952092
1527,3,787362734
1528,1,788304468
1529,1,788331428
1530,4,788400339
1531,0,789359583
1532,2,790320511
1533,0,791247424
1534,3,791278144
1535,0,791281108
1536,0,791315428
1537,0,791353191
1538,2,791527310
1539,1,792272928
1540,0,792294570
1541,2,793322940
1542,0,793444030
1543,2,794245263
1544,0,794278531
1545,2,794842152
1546,2,794949555
1547,3,795348696
1548,4,795389277
1549,4,795395454
1550,1,795418442
1551,3,796330105
1552,3,796466641
1553,1,797162909
1554,4,797678099
1555,3,798224868
1556,1,799404804
1557,1,799666272
1558,2,799975063
1559,0,800056164
1560,4,800883988
1561,0,800884161
1562,0,800888764
1563,3,800890364
1564,0,800891722
1565,1,801014294
1566,0,801075753
1567,0,801655125
1568,2,801936315
1569,3,802577047
1570,1,803225883
1571,0,803968055
1572,2,803999709
1573,0,804000012
1574,2,804105171
1575,3,804686290
1576,2,806479703
1577,4,807180803
1578,2,808484621
1579,0,809837326
1580,2,810378136
1581,4,810882760
1582,2,811568806
1583,0,812277386
1584,0,814275962
1585,0,816543417
1586,0,816545413
1587,0,817468666
1588,0,817514566
1589,1,817544249
1590,0,817715318
1591,2,818015885
1592,2,818483858
1593,4,818678668
1594,0,818678986
1595,3,819803097
1596,0,821147891
1597,0,821232645
1598,2,821407842
1599,0,821893245
1600,3,822455061
1601,1,823075287
1602,3,824792080
1603,2,824808782
1604,0,824863491
1605,3,824967551
1606,2,825421639
1607,0,825542846
1608,2,825884286
1609,0,825997078
1610,0,826828585
1611,0,827036566
1612,2,827113326
1613,2,827158194
1614,3,828721452
1615,0,829056192
1616,0,829130737
1617,0,829147816
1618,2,829265860
1619,0,829401402
1620,1,829406328
1621,2,829568453
1622,0,829642431
1623,0,829712521
1624,2,830663356
1625,2,831241626
1626,0,831282911
1627,0,831394217
1628,1,831477608
1629,0,831791273
1630,0,832180508
1631,4,832257282
1632,2,832514662
1633,0,832685600
1634,2,832685736
1635,4,833097573
1636,1,833202875
1637,0,834007326
1638,0,834030602
1639,0,834079707
1640,2,834882399
1641,3,834986728
1642,0,835121436
1643,3,835321655
1644,0,837292626
1645,0,837312787
1646,0,838282028
1647,0,838386110
1648,0,838850779
1649,2,840064734
1650,3,840215293
1651,0,841075813
1652,1,841086418
1653,0,841109853
1654,2,842678437
1655,2,843224562
1656,0,843363503
1657,1,843663716
1658,1,843739963
1659,2,843993854
1660,1,844166357
1661,3,844525037
1662,0,844641312
1663,0,844790305
1664,0,844994020
1665,0,845760459
1666,2,845967679
1667,3,846661584
1668,0,847106919
1669,0,847782421
1670,0,849030844
1671,0,849164305
1672,0,849166269
1673,1,849166643
1674,2,849290625
1675,3,849322790
1676,4,849613199
1677,0,850893925
1678,2,850985425
1679,0,851415111
1680,3,851968553
1681,4,852355157
1682,3,853108302
1683,0,853140734
1684,2,853408454
1685,0,855666510
1686,2,855951327
1687,2,856037630
1688,0,856045917
1689,0,859307959
1690,0,859775193
1691,1,859776609
1692,0,860253507
1693,0,860559382
1694,4,860933460
1695,0,861031059
1696,1,861130065
1697,0,861329729
1698,0,861568289
1699,2,861815968
1700,1,861914004
1701,0,862183743
1702,0,862695152
1703,4,863147571
1704,0,863304850
1705,2,863706551
1706,2,864118245
1707,1,865146770
1708,2,866228632
1709,2,866362044
1710,3,867702230
1711,0,868229771
1712,0,868553208
1713,2,868911483
1714,0,868978490
1715,2,870089459
1716,0,870108801
1717,0,870150157
1718,0,870457845
1719,0,871318319
1720,0,871354111
1721,1,871397118
1722,3,872520935
1723,0,872680682
1724,2,872752977
1725,2,874100373
1726,3,874697902
1727,3,876931987
1728,0,878128747
1729,3,878410302
1730,3,879652430
1731,3,880017995
1732,2,880157737
1733,3,883116488
1734,2,883119805
1735,2,883335121
1736,0,884049442
1737,0,884145250
1738,0,884678347
1739,3,886130151
1740,0,886663639
1741,2,887413888
1742,1,888572593
1743,0,890711109
1744,3,890836244
1745,0,891389081
1746,2,891823890
1747,0,892075368
1748,0,892180349
1749,2,892182864
1750,4,893018450
1751,0,893099120
1752,3,894319319
1753,0,894749062
1754,0,894905927
1755,2,894972637
1756,2,895054707
1757,2,895293373
1758,1,896883511
1759,1,901858213
1760,2,901890803
1761,2,903273337
1762,0,903548632
1763,1,903587232
1764,2,903705883
1765,0,905920129
1766,3,905927533
1767,2,906271864
1768,0,906832705
1769,0,907065850
1770,0,908740548
1771,2,910086688
1772,3,910243494
1773,0,910366753
1774,2,911561256
1775,0,912064013
1776,1,912394658
1777,0,912474288
1778,3,913744348
1779,3,913857517
1780,2,915114851
1781,3,915442059
1782,0,917115843
1783,0,917515125
1784,1,917835181
1785,2,918360897
1786,1,919170509
1787,0,919864675
1788,0,919955729
1789,0,920050885
1790,0,920229553
1791,2,920326667
1792,2,920403404
1793,2,920420177
1794,0,921587789
1795,0,922115691
1796,2,923028776
1797,0,923855858
1798,3,923913042
1799,2,924186899
1800,2,924272545
1801,1,924276508
1802,0,925692260
1803,0,925743465
1804,0,926499993
1805,0,926835166
1806,3,927325769
1807,0,929740083
1808,2,929835487
1809,3,929901519
1810,0,929968231
1811,1,930068721
1812,0,930580748
1813,0,930795573
1814,0,931030245
1815,1,931178072
1816,0,931252498
1817,2,931437009
1818,2,931595838
1819,0,932207654
1820,4,933549880
1821,1,933897221
1822,0,934571630
1823,2,934663282
1824,0,934991641
1825,0,935113338
1826,0,935116575
1827,4,935188073
1828,0,937115866
1829,3,937686675
1830,2,937877516
1831,0,937912528
1832,2,938101383
1833,0,938116640
1834,1,938497648
1835,3,938608679
1836,1,940140223
1837,2,940643756
1838,1,941856773
1839,0,942575588
1840,0,942688773
1841,2,942965126
1842,1,943590391
1843,0,943634646
1844,2,945538210
1845,0,946585622
1846,2,947619228
1847,0,947683617
1848,0,948077003
1849,0,948095526
1850,1,948107658
1851,0,948355755
1852,3,948422648
1853,0,948438217
1854,0,948816652
1855,0,948932309
1856,2,948949383
1857,0,949559837
1858,3,950930622
1859,2,951296018
1860,0,951935157
1861,0,953401574
1862,3,953646450
1863,2,954164472
1864,3,954565317
1865,2,955354815
1866,0,957586252
1867,3,958005898
1868,4,958072166
1869,2,958268305
1870,0,958321706
1871,0,958337924
1872,0,958631055
1873,2,958636490
1874,0,960297395
1875,2,960347631
1876,0,960443298
1877,0,960572704
1878,0,960818126
1879,1,960845875
1880,2,961015411
1881,1,962159986
1882,3,965370781
1883,1,965871856
1884,0,966735715
1885,4,966793701
1886,0,967920036
1887,3,968009274
1888,1,969304112
1889,3,970058973
1890,2,971269095
1891,0,971663576
1892,3,974006072
1893,3,974008142
1894,0,974008180
1895,0,974123729
1896,0,974400785
1897,1,974402733
1898,0,974805228
1899,0,974917011
1900,0,974939750
1901,0,975025254
1902,2,975029264
1903,0,975029375
1904,0,975093571
1905,0,975391715
1906,0,975412832
1907,3,975655580
1908,0,975655590
1909,4,975980953
1910,3,976175130
1911,1,976346567
1912,3,976368287
1913,2,976475616
1914,2,976529796
1915,0,976599215
1916,0,977074445
1917,0,977088211
1918,4,977253243
1919,0,977460458
1920,0,977709457
1921,0,977982980
1922,0,977983926
1923,0,978034751
1924,4,978179036
1925,3,978390225
1926,0,978630293
1927,3,978743786
1928,3,979232047
1929,3,979876936
1930,4,979877243
1931,2,979908384
1932,2,979918443
1933,2,979932403
1934,0,980023439
1935,0,980048315
1936,0,980069670
1937,2,980349748
1938,0,980401384
1939,3,980935219
1940,0,981248688
1941,0,981453439
1942,0,981744173
1943,2,982681018
1944,1,982696248
1945,0,982849443
1946,0,982863705
1947,0,983211594
1948,1,983230736
1949,0,983248634
1950,1,983341323
1951,0,983392255
1952,3,983396476
1953,0,983404597
1954,2,983417773
1955,0,983885673
1956,1,983913289
1957,0,984033808
1958,3,984068794
1959,4,984841634
1960,0,984855675
1961,1,984917947
1962,0,984992332
1963,0,986119803
1964,3,986543678
1965,0,986793352
1966,0,987149477
1967,0,987233221
1968,0,987305175
1969,2,987351964
1970,0,987357184
1971,0,987479355
1972,0,988592570
1973,0,988595738
1974,3,988966540
1975,0,989415028
1976,1,990628193
1977,3,990662480
1978,2,991164177
1979,0,991746640
1980,0,992696573
1981,2,992933096
1982,2,993358905
1983,0,993733097
1984,2,994906570
1985,0,995489334
1986,1,995759557
1987,0,995795836
1988,2,995870769
1989,0,996151414
1990,3,997566497
1991,2,998994651
1992,0,999471986
1993,2,999802789
1994,2,999920855
1995,1,1000523725
1996,0,1001098531
1997,4,1002987258
1998,4,1003416860
1999,0,1003742690
2000,0,1003749689
2001,2,1003776670
2002,1,1003778365
2003,0,1003836679
2004,2,1005723789
2005,2,1005946104
2006,0,1006041466
2007,4,1006422400
2008,1,1006965668
2009,1,1007134238
2010,3,1007925209
2011,2,1009094343
2012,3,1009715167
2013,1,1010399425
2014,0,1011098968
2015,3,1011301833
2016,0,1011643580
2017,0,1012548779
2018,2,1013389648
2019,0,1014553498
2020,0,1015105261
2021,4,1015909960
2022,1,1016989341
2023,2,1017098107
2024,3,1018723632
2025,1,1018738292
2026,0,1019699604
2027,0,1019891805
2028,3,1020003811
2029,3,1020065136
2030,2,1020748190
2031,0,1020750327
2032,2,1021852837
2033,0,1022573915
2034,4,1022612832
2035,0,1023109913
2036,1,1023262873
2037,2,1023326094
2038,3,1023588089
2039,0,1023789676
2040,2,1024541431
2041,0,1024549646
2042,2,1024601661
2043,2,1026120858
2044,3,1026434576
2045,0,1026927985
2046,0,1027450017
2047,0,1028421880
2048,0,1028519398
2049,3,1028559373
2050,2,1030001620
2051,1,1030579869
2052,1,1030930160
2053,3,1030950845
2054,2,1031049812
2055,4,1032947318
2056,1,1032975352
2057,0,1033659238
2058,3,1034194312
2059,3,1034850906
2060,0,1037035494
2061,2,1037036114
2062,3,1037960007
2063,1,1039215495
2064,3,1039811040
2065,4,1039985735
2066,1,1041285692
2067,3,1041321502
2068,3,1041526663
2069,0,1041692162
2070,4,1042723963
2071,3,1043639056
2072,4,1043740215
2073,1,1043777552
2074,3,1044821938
2075,3,1047100507
2076,0,1047537130
2077,1,1047768041
2078,0,1049799352
2079,0,1050239091
2080,2,1050484608
2081,2,1051985783
2082,3,1052163615
2083,2,1052443782
2084,0,1053137016
2085,0,1053137314
2086,1,1053657071
2087,0,1054208898
2088,2,1054345350
2089,1,1054406986
2090,2,1054648434
2091,1,1054683513
2092,2,1054754169
2093,2,1054849831
2094,0,1055384616
2095,4,1055585856
2096,2,1055879808
2097,1,1055922483
2098,2,1055957372
2099,0,1056196658
2100,1,1058712677
2101,4,1059481314
2102,1,1061760218
2103,3,1063530513
2104,1,1063926227
2105,2,1065328800
2106,4,1066376839
2107,4,1067419405
2108,0,1071183135
2109,1,1072350878
2110,0,1072473198
2111,4,1073433502
2112,0,1075172303
2113,2,1075363360
2114,3,1075583238
2115,3,1075586625
2116,0,1077003960
2117,2,1077205313
2118,2,1077739921
2119,3,1077760169
2120,0,1077823627
2121,0,1077930203
2122,0,1078149662
2123,0,1078736929
2124,2,1080106336
2125,1,1080665994
2126,0,1080727666
2127,2,1080950947
2128,2,1081266995
2129,1,1082243278
2130,1,1084503838
2131,0,1084978972
2132,3,1085419169
2133,0,1086112252
2134,3,1086368540
2135,0,1086405527
2136,0,1086635039
2137,1,1087326148
2138,0,1087484191
2139,3,1088430652
2140,0,1090391010
2141,1,1091551779
2142,2,1092768717
2143,0,1092950932
2144,3,1093902337
2145,2,1094192473
2146,3,1094475101
2147,0,1095143300
2148,3,1096510066
2149,2,1096781759
2150,2,1097601475
2151,3,1098485709
2152,0,1098991169
2153,0,1100234820
2154,1,1101013570
2155,2,1102010714
2156,2,1103820949
2157,0,1104351332
2158,2,1105871219
2159,3,1106273876
2160,2,1107098521
2161,0,1107249813
2162,1,1108710021
2163,3,1108877255
2164,1,1109309917
2165,2,1109761059
2166,1,1109975282
2167,3,1110153009
2168,2,1110529236
2169,0,1110648377
2170,1,1110825091
2171,0,1110928791
2172,3,1111036314
2173,0,1111077434
2174,2,1111089543
2175,2,1111110071
2176,2,1111115544
2177,2,1111239061
2178,1,1111471745
2179,0,1112215573
2180,2,1112420333
2181,0,1112765132
2182,0,1113184649
2183,2,1113761054
2184,0,1115578942
2185,1,1115741457
2186,3,1115818116
2187,1,1116307252
2188,0,1116620125
2189,2,1117127559
2190,2,1118266641
2191,0,1119051478
2192,0,1119055537
2193,3,1119072814
2194,2,1119791109
2195,2,1120099564
2196,0,1120937322
2197,0,1121383522
2198,3,1121938450
2199,1,1122006870
2200,4,1122122346
2201,3,1123064708
2202,4,1123442242
2203,2,1124081537
2204,0,1124188372
2205,0,1124238053
2206,2,1124307753
2207,1,1124394803
2208,2,1125508686
2209,0,1125781555
2210,1,1125832100
2211,2,1126340120
2212,0,1126531906
2213,0,1126913287
2214,2,1127145328
2215,0,1127149548
2216,0,1127162125
2217,0,1127278861
2218,2,1127306778
2219,2,1127437683
2220,0,1127820613
2221,2,1127863201
2222,0,1127948372
2223,0,1128333268
2224,0,1128550089
2225,0,1128555035
2226,0,1128559617
2227,0,1128659484
2228,2,1128686648
2229,0,1128751793
2230,2,1128807961
2231,2,1128894808
2232,3,1128901074
2233,0,1128904250
2234,2,1128938776
2235,2,1128940527
2236,2,1128953269
2237,0,1129121380
2238,3,1129357544
2239,0,1129389023
2240,2,1129495442
2241,0,1129587316
2242,2,1129868422
2243,2,1130437308
2244,1,1130519135
2245,2,1130561439
2246,0,1130689757
2247,1,1130750714
2248,0,1131727455
2249,0,1132516107
2250,0,1132674827
2251,0,1132957987
2252,0,1133039840
2253,0,1133635219
2254,0,1134093104
2255,3,1134114533
2256,0,1134325976
2257,2,1134552800
2258,0,1134767879
2259,0,1134784370
2260,1,1135205730
2261,1,1135619603
2262,0,1136047601
2263,2,1137643552
2264,2,1137902734
2265,0,1139109159
2266,1,1139443938
2267,0,1139649533
2268,3,1139650928
2269,2,1140080691
2270,2,1140087167
2271,2,1140097723
2272,2,1140110153
2273,2,1140136243
2274,1,1140263933
2275,3,1140299262
2276,0,1140636199
2277,3,1140653466
2278,3,1140684935
2279,2,1141042257
2280,2,1141549065
2281,2,1141713216
2282,2,1141727986
2283,3,1142447261
2284,1,1142857284
2285,3,1143423792
2286,2,1143795681
2287,0,1144132405
2288,1,1144393118
2289,2,1144485187
2290,0,1144511782
2291,2,1144716420
2292,2,1144721364
2293,2,1144832239
2294,4,1145604466
2295,2,1146341401
2296,2,1147111907
2297,0,1147145420
2298,0,1147145476
2299,2,1147200189
2300,0,1147233164
2301,4,1148344408
2302,0,1149092060
2303,0,1149206177
2304,2,1149846769
2305,0,1149847211
2306,2,1150500039
2307,2,1150620248
2308,2,1151086834
2309,4,1151730960
2310,1,1151777668
2311,0,1151947055
2312,0,1152278815
2313,0,1152278870
2314,0,1153287545
2315,1,1153416276
2316,0,1153921846
2317,0,1154156625
2318,2,1154157905
2319,2,1154159770
2320,2,1154284610
2321,0,1154300209
2322,1,1154473562
2323,2,1154856211
2324,1,1155408957
2325,1,1156538225
2326,1,1156670313
2327,3,1157047399
2328,0,1158336163
2329,0,1158494806
2330,0,1159517731
2331,3,1159589283
2332,3,1160985539
2333,0,1161078672
2334,1,1161181565
2335,0,1161510537
2336,0,1167286388
2337,2,1167322752
2338,4,1167595396
2339,0,1167813180
2340,3,1168548592
2341,1,1168552090
2342,2,1168626218
2343,0,1168627164
2344,2,1168855090
2345,0,1169227148
2346,4,1169299518
2347,2,1172748384
2348,1,1173574459
2349,0,1174269058
2350,0,1175195275
2351,0,1175536265
2352,0,1175982453
2353,2,1176416742
2354,0,1176876931
2355,0,1176898895
2356,3,1176905620
2357,2,1176905870
2358,0,1176935257
2359,0,1176943236
2360,0,1176954203
2361,3,1176972394
2362,0,1176977719
2363,2,1177070459
2364,0,1177265783
2365,0,1181186329
2366,2,1181200153
2367,2,1181202940
2368,0,1181206317
2369,2,1184167891
2370,2,1184683506
2371,2,1184794650
2372,0,1184836681
2373,0,1184998240
2374,3,1185638560
2375,2,1185795685
2376,0,1188969767
2377,2,1188973212
2378,0,1189480871
2379,0,1189691263
2380,1,1190454147
2381,0,1190636912
2382,0,1191564970
2383,0,1191806335
2384,4,1191895667
2385,0,1191897747
2386,2,1192016702
2387,0,1192301486
2388,1,1192320106
2389,2,1192418401
2390,2,1192827313
2391,3,1193238624
2392,3,1193275432
2393,0,1194141917
2394,4,1195320705
2395,2,1196137906
2396,3,1196726493
2397,0,1196915868
2398,2,1196926401
2399,2,1197126508
2400,1,1198006581
2401,2,1198274284
2402,2,1198575966
2403,0,1198687568
2404,0,1198698530
2405,1,1199515146
2406,4,1199729579
2407,0,1200486620
2408,0,1200808379
2409,0,1201007536
2410,3,1201102675
2411,3,1202425259
2412,1,1202586946
2413,0,1204174960
2414,2,1204336840
2415,3,1204399564
2416,0,1204887690
2417,3,1204950816
2418,2,1205311183
2419,0,1205736906
2420,0,1206806498
2421,0,1208053558
2422,0,1208063749
2423,0,1208065922
2424,2,1208067767
2425,0,1209574918
2426,2,1209596632
2427,3,1209628463
2428,0,1209770011
2429,2,1209936089
2430,0,1209945862
2431,2,1210062177
2432,3,1210496868
2433,0,1212298727
2434,2,1212352072
2435,2,1213274998
2436,0,1213388810
2437,0,1213638710
2438,0,1214400113
2439,1,1215461220
2440,1,1216312086
2441,2,1216973779
2442,2,1217282569
2443,0,1218899298
2444,1,1219218707
2445,2,1219221407
2446,0,1219541831
2447,0,1219842059
2448,2,1219870059
2449,0,1220815922
2450,3,1221509733
2451,0,1221530074
2452,2,1221787974
2453,2,1221790159
2454,2,1221843006
2455,2,1222506588
2456,2,1222690972
2457,0,1222830228
2458,0,1222830361
2459,4,1223022764
2460,2,1223063406
2461,0,1223321682
2462,3,1223404083
2463,3,1223659402
2464,0,1223820807
2465,1,1224140734
2466,1,1224271485
2467,3,1225365020
2468,3,1225365664
2469,0,1225402657
2470,0,1225490856
2471,2,1225498533
2472,2,1226473882
2473,3,1226704311
2474,1,1226913796
2475,4,1227453629
2476,2,1227485549
2477,4,1227818396
2478,0,1227830452
2479,0,1228039356
2480,0,1228485442
2481,0,1228571936
2482,3,1229504464
2483,2,1229844838
2484,0,1229866268
2485,0,1229946704
2486,0,1231218153
2487,0,1231380764
2488,0,1232048984
2489,0,1232346161
2490,0,1232978982
2491,0,1234037573
2492,2,1234308229
2493,0,1235485983
2494,0,1235830789
2495,1,1236470056
2496,3,1236482414
2497,0,1237120207
2498,0,1237173019
2499,0,1237254387
2500,0,1237518064
2501,0,1238471971
2502,3,1239600200
2503,0,1240210156
2504,3,1243069093
2505,3,1243548498
2506,3,1243874130
2507,4,1244352273
2508,2,1244524445
2509,2,1245069671
2510,4,1246162830
2511,2,1247338041
2512,0,1247998759
2513,0,1248015084
2514,0,1248453171
2515,0,1248524274
2516,3,1248553922
2517,0,1248556471
2518,3,1248602543
2519,4,1248611208
2520,0,1249172583
2521,1,1250098555
2522,2,1251206781
2523,3,1251747695
2524,0,1252015181
2525,2,1252869025
2526,1,1253607325
2527,0,1253625346
2528,2,1253768116
2529,1,1255093531
2530,3,1255247220
2531,1,1255495869
2532,0,1255647779
2533,1,1255728353
2534,1,1256991124
2535,2,1256994591
2536,2,1257268699
2537,1,1257919641
2538,0,1259163986
2539,0,1259517063
2540,4,1260032299
2541,0,1260190254
2542,2,1260632586
2543,0,1260730419
2544,1,1260955141
2545,0,1261025576
2546,1,1261147869
2547,3,1261428449
2548,2,1261564649
2549,1,1261713634
2550,0,1262034274
2551,2,1262479735
2552,2,1262893893
2553,1,1262993301
2554,0,1263125117
2555,0,1263515347
2556,3,1264479579
2557,0,1264486483
2558,1,1264555593
2559,2,1264798669
2560,0,1264972804
2561,2,1264983118
2562,0,1265564731
2563,0,1268082077
2564,0,1270254362
2565,3,1270260702
2566,0,1271549302
2567,1,1271554241
2568,3,1271947637
2569,0,1273863081
2570,3,1275255370
2571,2,1275575065
2572,2,1276551392
2573,0,1276624747
2574,1,1276818642
2575,1,1276860556
2576,3,1278104582
2577,0,1278780361
2578,2,1278893310
2579,0,1279048117
2580,0,1279335645
2581,0,1279640359
2582,0,1280093178
2583,1,1280193378
2584,3,1281694011
2585,0,1282876353
2586,2,1282955037
2587,0,1283198554
2588,0,1284104780
2589,0,1284188593
2590,4,1284298628
2591,0,1285452858
2592,2,1285845230
2593,0,1286248489
2594,1,1286339374
2595,1,1286373980
2596,2,1287100171
2597,2,1287491499
2598,0,1287752597
2599,2,1288230214
2600,3,1288444571
2601,0,1288479608
2602,1,1288537061
2603,2,1288613012
2604,1,1288662044
2605,0,1288949790
2606,0,1288990931
2607,0,1289091938
2608,0,1289354674
2609,2,1289375782
2610,2,1289597128
2611,0,1289735736
2612,2,1289746530
2613,2,1289893329
2614,0,1289984663
2615,0,1290087413
2616,3,1291703183
2617,0,1292332421
2618,3,1292342999
2619,2,1292415111
2620,2,1292734463
2621,2,1293052856
2622,0,1293447451
2623,3,1294211576
2624,2,1294598854
2625,0,1294680618
2626,2,1294691561
2627,3,1294693916
2628,0,1294706788
2629,0,1295915656
2630,4,1296854351
2631,1,1296854410
2632,2,1297040949
2633,2,1297162093
2634,0,1297234719
2635,0,1297417423
2636,0,1298412842
2637,1,1299150302
2638,0,1299487873
2639,2,1299599514
2640,0,1299612707
2641,0,1299684775
2642,0,1300174776
2643,2,1300190314
2644,0,1300566136
2645,1,1300642636
2646,0,1300672090
2647,0,1301091168
2648,3,1301347023
2649,0,1302118545
2650,1,1302122309
2651,0,1302572807
2652,1,1302766059
2653,4,1303400886
2654,4,1304317387
2655,0,1304528887
2656,1,1305556039
2657,0,1305677248
2658,2,1305721629
2659,0,1305987272
2660,4,1306977216
2661,2,1307024148
2662,2,1307033574
2663,3,1307112817
2664,4,1307300592
2665,3,1307795592
2666,1,1307810003
2667,1,1307909802
2668,2,1307911949
2669,2,1307984305
2670,3,1308146311
2671,2,1308253630
2672,2,1308291727
2673,4,1309307575
2674,0,1309444746
2675,2,1311171735
2676,2,1311442759
2677,0,1311572731
2678,3,1312143679
2679,0,1313620978
2680,0,1313813843
2681,0,1314714811
2682,3,1315625638
2683,0,1316111423
2684,3,1316796769
2685,0,1316803946
2686,2,1317774149
2687,2,1317811299
2688,3,1318360842
2689,3,1318745218
2690,0,1318895379
2691,0,1319158971
2692,0,1319663261
2693,0,1319684848
2694,0,1320041988
2695,0,1320042420
2696,0,1321059942
2697,0,1321161967
2698,2,1321753962
2699,2,1322239374
2700,1,1322747898
2701,1,1324490500
2702,3,1325902661
2703,4,1326233431
2704,2,1327641042
2705,3,1328056301
2706,4,1328550602
2707,0,1328725546
2708,2,1328811370
2709,0,1328813266
2710,1,1329479376
2711,0,1330351501
2712,2,1330377547
2713,4,1331390438
2714,0,1332429652
2715,0,1332825509
2716,4,1334929112
2717,1,1335350876
2718,2,1335667566
2719,0,1335723005
2720,2,1335979894
2721,2,1337713036
2722,0,1337849922
2723,2,1338753407
2724,0,1338806915
2725,0,1339541111
2726,0,1339624799
2727,0,1339653619
2728,2,1339767881
2729,2,1339794747
2730,0,1339925581
2731,0,1340165054
2732,0,1340200396
2733,0,1340200696
2734,0,1342631912
2735,0,1342710400
2736,0,1342744614
2737,2,1344466563
2738,0,1345497703
2739,0,1345567394
2740,0,1347898987
2741,2,1348971983
2742,0,1349061039
2743,0,1351095299
2744,4,1351546970
2745,0,1351561239
2746,0,1353218453
2747,2,1353309156
2748,3,1353442462
2749,0,1353884110
2750,1,1354171653
2751,3,1354359212
2752,4,1354655102
2753,2,1354723917
2754,3,1354734105
2755,1,1355051782
2756,2,1355215164
2757,2,1355552777
2758,2,1355552921
2759,2,1356714383
2760,2,1356981406
2761,0,1357780066
2762,2,1358038379
2763,0,1358356087
2764,1,1358458691
2765,2,1358496494
2766,0,1358541261
2767,2,1358552876
2768,4,1358700097
2769,0,1359614201
2770,2,1360187171
2771,4,1360396974
2772,0,1360590367
2773,1,1360939795
2774,0,1361333083
2775,3,1361481659
2776,0,1361562562
2777,2,1362044732
2778,0,1362855414
2779,4,1364142721
2780,0,1364821466
2781,2,1365252752
2782,1,1365654542
2783,1,1367113752
2784,0,1367875752
2785,0,1368058611
2786,0,1368429088
2787,4,1369192279
2788,0,1369193432
2789,0,1369195398
2790,3,1369235894
2791,2,1369414197
2792,1,1370018229
2793,1,1370345448
2794,2,1374518410
2795,0,1374570724
2796,1,1374571511
2797,2,1375660907
2798,4,1375708595
2799,0,1376298892
2800,4,1380141247
2801,3,1380217873
2802,2,1380460910
2803,0,1380783093
2804,0,1381218809
2805,1,1382010242
2806,1,1382047687
2807,2,1382887254
2808,0,1382990079
2809,1,1383169051
2810,1,1384464814
2811,4,1386150482
2812,0,1387076654
2813,2,1388094700
2814,0,1388295006
2815,0,1388579130
2816,0,1388792150
2817,0,1388792862
2818,2,1388870882
2819,3,1388967944
2820,4,1390449861
2821,2,1390907053
2822,2,1391052198
2823,0,1391100045
2824,4,1391110849
2825,2,1391887607
2826,0,1391924936
2827,0,1392561944
2828,3,1392811305
2829,3,1393306279
2830,1,1393886857
2831,0,1396129044
2832,0,1396225496
2833,1,1396511310
2834,2,1397881666
2835,2,1399076336
2836,0,1399112829
2837,1,1399115621
2838,3,1399919907
2839,0,1400192295
2840,1,1400833827
2841,3,1401409808
2842,0,1401984289
2843,3,1402549103
2844,2,1404741729
2845,3,1405098464
2846,0,1405341697
2847,0,1405402456
2848,2,1405421164
2849,2,1405942536
2850,0,1406099847
2851,0,1406509000
2852,1,1406511221
2853,0,1406515363
2854,2,1407155711
2855,2,1407281041
2856,0,1407296802
2857,3,1407755329
2858,3,1408035839
2859,1,1409656582
2860,0,1409919652
2861,0,1410324053
2862,1,1410973469
2863,0,1411105166
2864,0,1411882285
2865,1,1411884660
2866,2,1411934368
2867,0,1412047164
2868,0,1413247467
2869,1,1414143817
2870,0,1414942894
2871,2,1415229430
2872,3,1415492095
2873,4,1415634245
2874,3,1415756857
2875,1,1415756932
2876,1,1415788270
2877,0,1416585610
2878,2,1416711281
2879,2,1417506989
2880,2,1417790536
2881,2,1417790562
2882,0,1418324985
2883,2,1419499699
2884,0,1420759600
2885,0,1420764972
2886,1,1421420627
2887,2,1422841801
2888,2,1422849365
2889,2,1422854377
2890,0,1422866811
2891,2,1423159285
2892,2,1423424984
2893,3,1423439610
2894,0,1423472007
2895,2,1423594309
2896,0,1423601757
2897,2,1423609678
2898,2,1424125122
2899,2,1424148207
2900,2,1424151762
2901,2,1424183581
2902,0,1424564177
2903,2,1425139323
2904,0,1425317197
2905,2,1425612369
2906,2,1425615378
2907,0,1427991576
2908,2,1428130349
2909,2,1428955665
2910,2,1428963895
2911,0,1428995133
2912,2,1429290874
2913,3,1429508384
2914,0,1429645230
2915,0,1429674479
2916,0,1429763520
2917,2,1429787456
2918,0,1430052678
2919,1,1431019115
2920,2,1431227215
2921,1,1431390438
2922,0,1431647754
2923,0,1431693181
2924,2,1431784335
2925,1,1432164168
2926,2,1432165451
2927,1,1432815435
2928,2,1432825649
2929,0,1432895453
2930,3,1433341419
2931,1,1433603623
2932,0,1434284779
2933,2,1434851949
2934,3,1435061719
2935,0,1435232291
2936,2,1435441352
2937,2,1436641861
2938,1,1437388638
2939,1,1438184364
2940,0,1438332282
2941,2,1438404773
2942,0,1438821942
2943,0,1438889846
2944,0,1438962969
2945,0,1439487228
2946,0,1440636882
2947,4,1440665818
2948,0,1440791725
2949,1,1441198904
2950,0,1443746111
2951,3,1445630610
2952,0,1446584231
2953,2,1446599225
2954,0,1446627916
2955,2,1446727493
2956,2,1446878759
2957,2,1447066857
2958,2,1447215480
2959,0,1447459816
2960,3,1448509921
2961,0,1449088992
2962,0,1449091182
2963,2,1449382789
2964,2,1449675962
2965,2,1449676956
2966,2,1449725442
2967,1,1450138807
2968,0,1450183807
2969,3,1450209428
2970,1,1450216137
2971,0,1450234367
2972,1,1450389066
2973,0,1450418061
2974,0,1450418092
2975,3,1450550858
2976,3,1451115313
2977,0,1451353891
2978,3,1452741520
2979,2,1453104352
2980,0,1453351368
2981,2,1453464548
2982,3,1454035150
2983,0,1454201575
2984,2,1454694817
2985,0,1454695263
2986,1,1455693187
2987,1,1455758733
2988,1,1456027733
2989,1,1456249184
2990,0,1456279666
2991,3,1456926219
2992,0,1456955696
2993,0,1457064830
2994,1,1457452239
2995,0,1458265106
2996,0,1458366341
2997,4,1458721591
2998,0,1459428428
2999,1,1460673406
3000,0,1460788763
3001,0,1461041303
3002,2,1461450083
3003,0,1461479682
3004,0,1461485031
3005,0,1461545838
3006,3,1461944475
3007,2,1462155646
3008,0,1462269424
3009,2,1463303743
3010,2,1463324742
3011,2,1464164951
3012,0,1464766299
3013,3,1467963592
3014,2,1468506347
3015,0,1468506443
3016,0,1468509892
3017,2,1468703756
3018,0,1469055003
3019,1,1469071972
3020,2,1469217177
3021,1,1469707792
3022,2,1470624926
3023,2,1470625085
3024,0,1474740137
3025,2,1475388146
3026,1,1475617635
3027,2,1475652837
3028,2,1475658632
3029,0,1475924132
3030,1,1476073798
3031,2,1477954069
3032,2,1477957766
3033,0,1477964434
3034,3,1478329097
3035,0,1478336321
3036,2,1478577680
3037,1,1478675113
3038,2,1478771562
3039,0,1478859688
3040,2,1479648963
3041,0,1479650691
3042,0,1479922915
3043,3,1481145907
3044,1,1481188618
3045,3,1481832179
3046,0,1484095340
3047,2,1487758511
3048,0,1488804268
3049,1,1489405783
3050,2,1490249084
3051,2,1491808160
3052,0,1492658859
3053,4,1493381265
3054,3,1493945241
3055,1,1495614393
3056,0,1495662360
3057,2,1496834251
3058,2,1497360344
3059,2,1497489629
3060,2,1500178824
3061,2,1500447454
3062,1,1500605151
3063,2,1501002835
3064,0,1501082131
3065,4,1501507627
3066,0,1501548560
3067,0,1502793102
3068,2,1502988702
3069,0,1503457624
3070,2,1503506777
3071,0,1503841972
3072,2,1504378266
3073,0,1504860430
3074,2,1505277275
3075,3,1505353522
3076,2,1506031961
3077,0,1506120389
3078,0,1506970641
3079,0,1507375430
3080,1,1507414896
3081,0,1507439628
3082,2,1507442688
3083,2,1507465339
3084,3,1507753709
3085,2,1507768781
3086,3,1507770753
3087,2,1507890241
3088,0,1507892612
3089,4,1508014555
3090,0,1508568708
3091,0,1509123594
3092,2,1510054415
3093,0,1510086069
3094,2,1510268942
3095,0,1510434553
3096,0,1511132566
3097,3,1511167969
3098,2,1511204404
3099,0,1511269411
3100,0,1512259334
3101,0,1512800824
3102,3,1512926091
3103,0,1515150240
3104,0,1515162149
3105,4,1516551460
3106,2,1517650617
3107,0,1518466695
3108,0,1518715919
3109,0,1519678365
3110,0,1519858701
3111,0,1523011088
3112,2,1523837176
3113,0,1526078132
3114,2,1526786639
3115,0,1527967892
3116,2,1528479672
3117,0,1528747274
3118,0,1528969578
3119,2,1529523187
3120,2,1529594272
3121,1,1529732715
3122,0,1529924470
3123,1,1530069919
3124,2,1530151192
3125,3,1530151299
3126,2,1530299012
3127,0,1530425542
3128,2,1530491294
3129,3,1530766718
3130,2,1531127244
3131,0,1531275003
3132,2,1531323265
3133,0,1531331519
3134,2,1531582136
3135,0,1531592884
3136,2,1531607979
3137,3,1531639525
3138,2,1531785591
3139,2,1531911790
3140,0,1531912360
3141,2,1532021141
3142,1,1532253710
3143,2,1532364690
3144,0,1532369371
3145,0,1532438542
3146,2,1532814706
3147,3,1533117269
3148,3,1533503544
3149,2,1533896940
3150,2,1533902770
3151,2,1533971139
3152,2,1533974418
3153,4,1534071942
3154,0,1534073605
3155,0,1534400685
3156,2,1534468339
3157,2,1534527757
3158,0,1534589378
3159,0,1534631417
3160,0,1534683082
3161,2,1534683326
3162,1,1535072946
3163,0,1535162894
3164,2,1535323789
3165,2,1535323839
3166,2,1535331263
3167,2,1535390989
3168,1,1535431377
3169,2,1535645934
3170,1,1535888319
3171,2,1536006665
3172,0,1536168193
3173,0,1536173400
3174,3,1536369063
3175,2,1536593699
3176,2,1536613779
3177,1,1536779527
3178,2,1536781314
3179,2,1536783889
3180,2,1536852406
3181,2,1536953209
3182,2,1537157857
3183,2,1537250056
3184,2,1537294466
3185,2,1537318887
3186,0,1537483094
3187,2,1537615884
3188,4,1538190963
3189,1,1538413748
3190,2,1538783135
3191,0,1538939063
3192,0,1539200616
3193,2,1539238627
3194,0,1539347994
3195,2,1539394497
3196,1,1539399178
3197,4,1542151811
3198,4,1551034325
3199,0,1551346411
3200,0,1551713114
3201,0,1551848323
3202,0,1551925212
3203,2,1552173649
3204,4,1552373477
3205,3,1552531146
3206,2,1552865827
3207,1,1553225347
3208,0,1553246244
3209,0,1553711507
3210,0,1553727653
3211,1,1553996146
3212,4,1554689302
3213,2,1555179431
3214,1,1555310322
3215,0,1555350046
3216,0,1555510519
3217,0,1556005973
3218,2,1556171680
3219,1,1556718279
3220,0,1556859036
3221,0,1556914418
3222,2,1557185560
3223,0,1557260618
3224,0,1557871703
3225,3,1557919668
3226,2,1558061950
3227,0,1558450773
3228,0,1558451183
3229,2,1558503148
3230,1,1558708891
3231,0,1558709059
3232,1,1559024367
3233,0,1559260985
3234,3,1559273440
3235,2,1559566864
3236,2,1559596634
3237,2,1559700350
3238,2,1560394250
3239,0,1560474104
3240,0,1560534839
3241,2,1561075186
3242,1,1561241226
3243,1,1561278601
3244,0,1561502898
3245,2,1561767772
3246,0,1561780915
3247,4,1561913412
3248,0,1562113124
3249,0,1562379849
3250,0,1562420965
3251,0,1562510712
3252,0,1562613304
3253,4,1562950103
3254,4,1563159783
3255,3,1564548300
3256,0,1564681487
3257,1,1564735762
3258,2,1567409220
3259,0,1567742247
3260,0,1568615236
3261,2,1568770825
3262,0,1568970045
3263,1,1569455038
3264,3,1570098536
3265,1,1571016379
3266,0,1571051784
3267,1,1571198236
3268,1,1571745684
3269,2,1572220887
3270,2,1572224293
3271,0,1572301064
3272,0,1573148809
3273,0,1574864860
3274,2,1575109773
3275,4,1575226031
3276,1,1575252968
3277,1,1575471160
3278,4,1575788798
3279,3,1576040430
3280,0,1576049024
3281,1,1576745795
3282,2,1577224684
3283,0,1577566731
3284,2,1578169873
3285,0,1578669931
3286,3,1579068497
3287,4,1579767070
3288,0,1581090647
3289,0,1581842466
3290,2,1581861051
3291,2,1582219934
3292,1,1582233362
3293,2,1582368841
3294,0,1582620596
3295,0,1583163608
3296,0,1584150294
3297,0,1584413506
3298,0,1584687293
3299,2,1585336608
3300,0,1586014304
3301,0,1586125421
3302,1,1586172194
3303,2,1588952847
3304,0,1589138360
3305,0,1589368747
3306,4,1590192075
3307,2,1590603245
3308,3,1591220968
3309,1,1591555043
3310,0,1592914006
3311,0,1593134511
3312,2,1593346823
3313,2,1593461393
3314,0,1593619766
3315,0,1593851026
3316,2,1595715483
3317,3,1596333539
3318,1,1596621064
3319,0,1596894532
3320,1,1597076581
3321,2,1597384840
3322,2,1598815875
3323,0,1598904179
3324,0,1598904210
3325,0,1598931206
3326,2,1600414026
3327,2,1603740308
3328,0,1604521275
3329,0,1604556226
3330,0,1606611371
3331,2,1607330559
3332,2,1607822084
3333,2,1607929616
3334,0,1608042666
3335,0,1608219456
3336,0,1608547609
3337,0,1608868561
3338,1,1609413911
3339,1,1609510167
3340,2,1610763272
3341,0,1610895898
3342,0,1610898481
3343,2,1610898656
3344,0,1610902559
3345,0,1611087575
3346,4,1612044162
3347,0,1612529277
3348,2,1612574106
3349,0,1614534362
3350,0,1615499897
3351,1,1616224890
3352,2,1616250096
3353,0,1616311141
3354,0,1616386414
3355,0,1617052170
3356,0,1617246513
3357,0,1617455683
3358,0,1618194632
3359,3,1618341138
3360,0,1618527348
3361,1,1618841217
3362,3,1618964129
3363,0,1619090382
3364,3,1619810935
3365,3,1621134026
3366,0,1621271282
3367,2,1621752324
3368,3,1621799796
3369,0,1622266607
3370,2,1622267249
3371,3,1622401321
3372,1,1622693988
3373,2,1622943766
3374,3,1626314123
3375,0,1627515279
3376,1,1629214373
3377,0,1629307996
3378,0,1629593666
3379,0,1629761192
3380,2,1630236780
3381,0,1630277030
3382,0,1631442157
3383,0,1633800046
3384,4,1633800987
3385,0,1634066273
3386,0,1634163824
3387,0,1634242718
3388,1,1634461084
3389,0,1635293672
3390,2,1635406417
3391,0,1635644186
3392,0,1635817625
3393,1,1636531261
3394,1,1637351156
3395,1,1637963534
3396,2,1638222738
3397,1,1638445666
3398,0,1638578382
3399,0,1638582175
3400,0,1638987155
3401,1,1639062366
3402,4,1642439413
3403,4,1643680363
3404,0,1644604986
3405,0,1645069315
3406,2,1645225184
3407,0,1645301652
3408,0,1645314591
3409,2,1645743083
3410,4,1645768509
3411,1,1646081562
3412,0,1646082258
3413,2,1646598060
3414,0,1648173753
3415,2,1648659144
3416,0,1648712029
3417,0,1648843727
3418,0,1649645665
3419,3,1649876500
3420,0,1650227638
3421,1,1650280288
3422,0,1650449055
3423,1,1650613070
3424,0,1651127972
3425,0,1651303560
3426,0,1651982954
3427,2,1652722707
3428,0,1653853624
3429,0,1653923365
3430,0,1654007845
3431,0,1654530604
3432,3,1655008623
3433,0,1656455823
3434,0,1656935547
3435,0,1657547160
3436,4,1658200686
3437,0,1658263166
3438,0,1659239335
3439,0,1660184280
3440,1,1660290426
3441,0,1660894232
3442,0,1662091185
3443,2,1662145112
3444,2,1662152928
3445,2,1662158872
3446,0,1662164377
3447,2,1662302193
3448,0,1662470447
3449,2,1662898848
3450,3,1662929530
3451,2,1663074298
3452,2,1663958016
3453,2,1668382413
3454,0,1669892998
3455,0,1669953892
3456,0,1669954219
3457,1,1670857387
3458,0,1674298740
3459,0,1675266834
3460,4,1675269692
3461,1,1675541083
3462,2,1675794000
3463,0,1676575113
3464,2,1676685781
3465,1,1676752013
3466,2,1676759779
3467,2,1676921640
3468,2,1677641625
3469,0,1679798976
3470,3,1680353165
3471,0,1680810403
3472,2,1680840596
3473,2,1680887194
3474,0,1680940732
3475,2,1680961025
3476,3,1680976200
3477,0,1681052056
3478,2,1681146532
3479,2,1681151063
3480,4,1681271763
3481,4,1681402838
3482,3,1682220494
3483,0,1682379646
3484,3,1683661355
3485,1,1683661967
3486,1,1683669892
3487,0,1683979382
3488,0,1684621724
3489,0,1685274683
3490,0,1685277454
3491,2,1685719643
3492,2,1686171077
3493,0,1688044307
3494,2,1688292507
3495,2,1688327166
3496,3,1690783334
3497,0,1692277067
3498,1,1692795415
3499,2,1694070487
3500,2,1697582286
3501,2,1697624910
3502,4,1697821094
3503,2,1698262354
3504,1,1698967437
3505,0,1699384201
3506,0,1699904043
3507,4,1699917247
3508,0,1699947937
3509,0,1700681304
3510,0,1700692153
3511,0,1700999158
3512,0,1701195131
3513,0,1701206682
3514,0,1701487425
3515,0,1702182713
3516,2,1702402805
3517,0,1702592355
3518,0,1702595782
3519,3,1702621005
3520,3,1702788166
3521,0,1702946748
3522,2,1703294108
3523,2,1703554891
3524,0,1704841001
3525,2,1704992603
3526,1,1705225846
3527,1,1705495757
3528,2,1705600830
3529,2,1705706497
3530,2,1705715351
3531,0,1705941449
3532,2,1705992497
3533,0,1706015767
3534,0,1706042793
3535,2,1706065577
3536,0,1706646688
3537,0,1706777723
3538,0,1707105879
3539,2,1707137326
3540,2,1707890415
3541,0,1707948003
3542,1,1708336362
3543,3,1708357890
3544,2,1708367332
3545,2,1708462736
3546,3,1708771349
3547,0,1708832292
3548,0,1708855881
3549,3,1708980280
3550,0,1708997723
3551,0,1708998778
3552,0,1709004342
3553,2,1709131816
3554,1,1709137282
3555,0,1709215386
3556,2,1709245788
3557,4,1709260814
3558,0,1709336266
3559,0,1709376841
3560,4,1709405396
3561,2,1709476975
3562,2,1709694031
3563,0,1709715660
3564,2,1709724494
3565,3,1710052175
3566,0,1710117071
3567,0,1710123844
3568,2,1710142156
3569,0,1710210718
3570,0,1710272378
3571,3,1711388443
3572,2,1712377795
3573,2,1712765941
3574,0,1712820673
3575,2,1712852469
3576,0,1712887222
3577,0,1713347682
3578,0,1713437975
3579,0,1713484229
3580,2,1713496669
3581,0,1713779475
3582,0,1714582347
3583,1,1714815740
3584,4,1714881387
3585,0,1714912359
3586,0,1715192641
3587,0,1715513947
3588,2,1716308801
3589,0,1716312395
3590,1,1716345459
3591,0,1716450847
3592,2,1717511102
3593,3,1717665146
3594,0,1717666074
3595,2,1717720210
3596,0,1718206370
3597,0,1718216880
3598,2,1719709372
3599,1,1719863439
3600,1,1719959479
3601,3,1719996675
3602,0,1720050852
3603,3,1720460606
3604,2,1720464651
3605,1,1720598205
3606,0,1720840374
3607,0,1721007216
3608,0,1721056693
3609,1,1722002368
3610,0,1722140218
3611,0,1722352304
3612,2,1722487936
3613,0,1723080725
3614,2,1723365512
3615,3,1724607621
3616,2,1724639474
3617,3,1725206706
3618,0,1725227446
3619,0,1725410821
3620,0,1726937999
3621,0,1727085895
3622,0,1728453503
3623,2,1728831986
3624,0,1729646815
3625,3,1729966298
3626,1,1731073503
3627,3,1731173929
3628,0,1733855558
3629,4,1734861194
3630,3,1736484345
3631,0,1736779039
3632,2,1736781140
3633,1,1738040570
3634,2,1738843658
3635,0,1740895920
3636,1,1741297042
3637,0,1741419519
3638,0,1741446208
3639,3,1742290078
3640,1,1742921169
3641,2,1743565945
3642,0,1745097973
3643,2,1745907022
3644,1,1746140523
3645,2,1747081411
3646,0,1747636319
3647,3,1747982170
3648,2,1749180128
3649,2,1751217194
3650,1,1751621767
3651,1,1751837877
3652,0,1752204851
3653,0,1752206847
3654,0,1752856374
3655,1,1753014644
3656,4,1753876067
3657,0,1754049796
3658,1,1754427450
3659,0,1754437869
3660,1,1755329889
3661,0,1755630968
3662,2,1755850131
3663,0,1755891041
3664,3,1755915699
3665,0,1756025108
3666,0,1756407697
3667,2,1756513445
3668,2,1756657899
3669,2,1756917254
3670,1,1757379973
3671,4,1758230576
3672,0,1761344313
3673,3,1761349078
3674,0,1761389642
3675,3,1762145105
3676,0,1762216305
3677,1,1763330089
3678,0,1763550836
3679,0,1763868655
3680,0,1763999941
3681,3,1764101572
3682,2,1764192624
3683,3,1764365646
3684,1,1764464911
3685,0,1764525864
3686,3,1764789041
3687,3,1765182464
3688,0,1765647595
3689,0,1765723034
3690,0,1765748915
3691,0,1766257050
3692,1,1766355706
3693,0,1766364768
3694,3,1766652895
3695,0,1766942466
3696,0,1767099746
3697,2,1767233796
3698,0,1767258617
3699,4,1767339405
3700,1,1767454128
3701,0,1767496882
3702,0,1768252377
3703,3,1768488157
3704,0,1768762269
3705,0,1768805026
3706,0,1768860087
3707,0,1768935218
3708,0,1769050726
3709,3,1769475201
3710,0,1769772678
3711,4,1769978160
3712,2,1770027766
3713,4,1770419417
3714,0,1771190021
3715,3,1771217849
3716,3,1772222070
3717,0,1772297507
3718,2,1773103212
3719,0,1773157070
3720,1,1775354499
3721,3,1778005755
3722,3,1778420068
3723,2,1779807424
3724,2,1779834984
3725,1,1782518534
3726,2,1782578999
3727,2,1782621862
3728,2,1782846900
3729,2,1782905847
3730,0,1782914038
3731,2,1782915435
3732,2,1782920444
3733,1,1782948614
3734,0,1782952888
3735,0,1783230720
3736,2,1783877348
3737,0,1783976844
3738,3,1787649791
3739,2,1790031386
3740,0,1790621046
3741,0,1790623756
3742,0,1790810712
3743,2,1790950552
3744,0,1791298775
3745,1,1791318227
3746,0,1791676561
3747,1,1791848730
3748,2,1792522358
3749,0,1792585189
3750,0,1792585243
3751,0,1792585754
3752,0,1792622021
3753,0,1792645653
3754,0,1792645770
3755,2,1792696435
3756,0,1792696633
3757,2,1792998391
3758,0,1793003951
3759,0,1793053560
3760,2,1793065638
3761,0,1793067164
3762,4,1793068260
3763,0,1793077543
3764,2,1793341592
3765,2,1793632963
3766,0,1793728002
3767,2,1793978596
3768,3,1794173806
3769,3,1794965160
3770,2,1795198074
3771,1,1795261931
3772,3,1795560796
3773,0,1796226031
3774,0,1796399425
3775,0,1797674445
3776,1,1798629266
3777,1,1798774228
3778,0,1799519673
3779,3,1800258464
3780,1,1800503723
3781,2,1801461544
3782,1,1803291715
3783,0,1803725215
3784,1,1804079333
3785,1,1804797943
3786,3,1805944657
3787,3,1806769009
3788,3,1807679398
3789,1,1809245272
3790,1,1809356731
3791,1,1809558509
3792,1,1810206548
3793,0,1810303793
3794,3,1810507662
3795,3,1811136216
3796,3,1811136385
3797,3,1811136894
3798,3,1811137100
3799,3,1811856741
3800,2,1812983940
3801,3,1814311021
3802,1,1814850164
3803,1,1815561699
3804,1,1815757021
3805,3,1817321652
3806,3,1818285586
3807,1,1818750236
3808,1,1819096238
3809,0,1820182398
3810,0,1821969177
3811,3,1822211001
3812,0,1822425959
3813,0,1824523045
3814,1,1826629952
3815,3,1827145140
3816,4,1828772982
3817,1,1829660558
3818,4,1830920762
3819,4,1830921922
3820,1,1831296180
3821,4,1831788605
3822,1,1832973123
3823,0,1833903552
3824,0,1835623327
3825,2,1836562214
3826,3,1836831792
3827,2,1837931536
3828,4,1839028882
3829,1,1839779037
3830,3,1839829272
3831,1,1839898093
3832,2,1842716154
3833,4,1843574956
3834,3,1843718854
3835,4,1844963785
3836,4,1845044612
3837,4,1846424234
3838,4,1846440125
3839,3,1846941820
3840,3,1847424584
3841,1,1847601355
3842,1,1847629271
3843,0,1848351273
3844,1,1848724565
3845,1,1849119349
3846,0,1849214668
3847,3,1851129610
3848,0,1852972268
3849,0,1853388630
3850,1,1854264363
3851,1,1854850950
3852,0,1855827198
3853,1,1856102116
3854,3,1856932851
3855,1,1857211507
3856,4,1858288907
3857,0,1859016251
3858,3,1859184981
3859,1,1859187703
3860,2,1861265997
3861,0,1861871749
3862,1,1861899326
3863,4,1863268734
3864,3,1864592639
3865,0,1865139839
3866,1,1865201080
3867,3,1865664694
3868,4,1868029268
3869,1,1868219757
3870,1,1869215833
3871,1,1869792656
3872,2,1869801187
3873,4,1872980885
3874,3,1873138500
3875,3,1873140449
3876,0,1873700401
3877,3,1874251619
3878,4,1874642075
3879,3,1874924891
3880,1,1877681100
3881,1,1878259053
3882,1,1878409444
3883,1,1879752134
3884,1,1879752364
3885,3,1880751689
3886,4,1882200197
3887,1,1882283130
3888,1,1882564468
3889,4,1882945585
3890,1,1883365230
3891,3,1883418738
3892,3,1883683578
3893,3,1884247879
3894,1,1884317844
3895,0,1884474926
3896,3,1885307644
3897,0,1886964235
3898,1,1887338272
3899,1,1887765274
3900,0,1887996511
3901,0,1888759498
3902,4,1890253090
3903,3,1890648688
3904,3,1890663469
3905,1,1891223275
3906,1,1892149936
3907,1,1892384458
3908,4,1892603024
3909,1,1892873363
3910,3,1894047801
3911,3,1895489983
3912,1,1897119286
3913,1,1897442965
3914,3,1897653906
3915,3,1897658093
3916,4,1898043506
3917,0,1901177647
3918,3,1901828272
3919,1,1902248849
3920,4,1903092282
3921,1,1904621656
3922,3,1906524810
3923,4,1906856557
3924,3,1908587598
3925,2,1908781120
3926,3,1909854805
3927,3,1909856683
3928,0,1909857236
3929,0,1910132900
3930,0,1910655853
3931,2,1912826803
3932,1,1913767454
3933,1,1915605093
3934,1,1917699278
3935,3,1918803366
3936,4,1920063334
3937,4,1920415046
3938,3,1921743551
3939,3,1921977643
3940,0,1922183833
3941,1,1923667244
3942,1,1925022963
3943,2,1925544913
3944,1,1926077348
3945,3,1927236046
3946,3,1927513766
3947,3,1927522448
3948,1,1927668633
3949,0,1928197070
3950,1,1928665618
3951,3,1930987831
3952,1,1931233379
3953,1,1932491265
3954,3,1932573237
3955,4,1933020269
3956,1,1933922144
3957,0,1934081537
3958,1,1934430140
3959,3,1937100403
3960,1,1937847614
3961,4,1938268297
3962,4,1938268797
3963,3,1938540119
3964,0,1939066016
3965,3,1939570254
3966,3,1939577072
3967,1,1940132672
3968,3,1940337513
3969,1,1941295515
3970,3,1941771952
3971,1,1942211738
3972,3,1942708446
3973,0,1942724200
3974,1,1943080605
3975,2,1944218021
3976,2,1944227464
3977,3,1944538282
3978,1,1944612739
3979,3,1945722433
3980,0,1945978210
3981,0,1946470878
3982,1,1946574844
3983,2,1949939437
3984,0,1950563609
3985,3,1955016628
3986,4,1955793620
3987,1,1956154142
3988,3,1957031311
3989,3,1957514006
3990,3,1958101041
3991,4,1958219941
3992,0,1958951634
3993,1,1960797981
3994,3,1961152221
3995,1,1961542330
3996,1,1962255233
3997,1,1964745330
3998,4,1964902765
3999,2,1968525883
4000,4,1969653167
4001,1,1969684597
4002,1,1970257893
4003,1,1971967714
4004,2,1972135216
4005,4,1973253173
4006,2,1975091495
4007,3,1976012255
4008,1,1978344721
4009,1,1978602363
4010,1,1978677709
4011,3,1980164793
4012,4,1980687327
4013,2,1980944240
4014,1,1981057591
4015,4,1981739419
4016,2,1981898465
4017,2,1982114080
4018,1,1983288001
4019,4,1985416601
4020,0,1985490616
4021,3,1986393839
4022,3,1987138365
4023,0,1989698633
4024,3,1990199964
4025,0,1990375995
4026,3,1990416953
4027,1,1990663989
4028,0,1991526335
4029,4,1992135058
4030,2,1992305950
4031,4,1992606064
4032,1,1993989411
4033,1,1994581755
4034,1,1994821662
4035,3,1995208252
4036,3,1995208355
4037,1,1995373693
4038,4,1996670765
4039,4,1996737160
4040,4,1996848115
4041,4,1997278394
4042,1,1999391196
4043,4,2001702656
4044,2,2002693698
4045,0,2002802337
4046,1,2002859695
4047,0,2003201989
4048,3,2003342057
4049,1,2003602865
4050,2,2003904518
4051,2,2004410308
4052,3,2004969057
4053,0,2004985430
4054,2,2006112691
4055,3,2006177311
4056,4,2008770226
4057,1,2011682988
4058,1,2012694072
4059,1,2016073107
4060,3,2019346657
4061,0,2019660455
4062,0,2020592111
4063,2,2021222808
4064,3,2021697105
4065,3,2022001327
4066,2,2024800950
4067,1,2024927402
4068,3,2025987837
4069,3,2026891702
4070,4,2026994932
4071,1,2027277718
4072,0,2029316913
4073,1,2029926681
4074,4,2029941166
4075,3,2032409081
4076,1,2032748479
4077,1,2032766818
4078,1,2033093602
4079,0,2033625141
4080,3,2033629575
4081,0,2034103402
4082,0,2034163238
4083,1,2037299434
4084,4,2039009080
4085,1,2039451525
4086,4,2039903224
4087,0,2040058454
4088,1,2040889529
4089,1,2044422212
4090,4,2046805026
4091,3,2046939637
4092,1,2048050855
4093,3,2049305378
4094,2,2051262650
4095,1,2052054221
4096,3,2054563469
4097,1,2055287190
4098,1,2055879948
4099,1,2056633991
4100,2,2056685036
4101,3,2057062870
4102,3,2059149488
4103,1,2059161707
4104,3,2060691972
4105,1,2061295815
4106,1,2063151141
4107,1,2063552770
4108,0,2063646098
4109,1,2064035716
4110,4,2064891261
4111,1,2065329125
4112,4,2066289464
4113,1,2066459935
4114,3,2066494934
4115,4,2066683332
4116,0,2066687009
4117,4,2066928640
4118,3,2066939094
4119,3,2068446898
4120,4,2068656996
4121,1,2069160012
4122,1,2069356849
4123,0,2069379037
4124,2,2070227588
4125,3,2074418973
4126,2,2075088430
4127,0,2076262917
4128,1,2077091695
4129,3,2077334121
4130,0,2078076317
4131,0,2078508944
4132,3,2079219317
4133,4,2079610631
4134,4,2080353080
4135,0,2080548799
4136,1,2081793511
4137,3,2082593010
4138,1,2083036148
4139,3,2083301848
4140,2,2084709155
4141,0,2084921928
4142,3,2084964209
4143,1,2086004177
4144,0,2087029605
4145,1,2087173237
4146,3,2087835942
4147,0,2088180652
4148,3,2089867676
4149,3,2090022510
4150,3,2091401482
4151,1,2092698214
4152,1,2092737303
4153,0,2092797052
4154,1,2092992842
4155,4,2093244848
4156,1,2093410361
4157,0,2093692451
4158,0,2094409131
4159,1,2094724542
4160,0,2095115678
4161,2,2095731750
4162,1,2097613569
4163,0,2097990568
4164,3,2098210420
4165,0,2099178667
4166,3,2100508462
4167,1,2102028866
4168,1,2102991650
4169,3,2103061030
4170,2,2103725150
4171,1,2105021450
4172,3,2105124821
4173,0,2105249200
4174,2,2105249498
4175,1,2105711998
4176,4,2105800294
4177,3,2105843680
4178,0,2106001132
4179,0,2106007017
4180,0,2106253535
4181,1,2107294395
4182,1,2108351491
4183,3,2108644137
4184,1,2108807488
4185,4,2109346518
4186,1,2109897919
4187,0,2110540293
4188,2,2110955175
4189,3,2111238867
4190,4,2111244556
4191,1,2111245165
4192,1,2113921675
4193,0,2114357471
4194,4,2114808780
4195,4,2115713321
4196,4,2116095820
4197,1,2116276149
4198,1,2117037072
4199,4,2117283841
4200,3,2117810131
4201,1,2121709791
4202,1,2124412611
4203,3,2124964761
4204,3,2126464626
4205,0,2127055375
4206,2,2127418361
4207,3,2127555203
4208,2,2128118417
4209,3,2128230263
4210,4,2131936872
4211,3,2132724870
4212,1,2135268517
4213,0,2135475599
4214,3,2137048661
4215,3,2137715346
4216,1,2138299388
4217,1,2138332542
4218,1,2140405935
4219,3,2141855320
4220,1,2142540018
4221,2,2143314036
4222,1,2144104685
4223,3,2144383899
4224,1,2145502464
4225,1,2146256391
4226,0,2146812727
4227,3,2146861515
4228,3,2147255451
4229,1,2147483435
4230,1,2148940247
4231,3,2148944686
4232,3,2149545031
4233,3,2150387942
4234,4,2151669259
4235,1,2152136293
4236,4,2152574369
4237,0,2152939683
4238,3,2154862060
4239,1,2155512869
4240,3,2155588435
4241,1,2157003024
4242,3,2157290090
4243,3,2159358556
4244,1,2160041980
4245,3,2160065702
4246,1,2161484454
4247,0,2162963585
4248,0,2162964230
4249,1,2163628252
4250,1,2164187190
4251,2,2165171952
4252,1,2166203737
4253,1,2168004620
4254,2,2169866007
4255,3,2171484652
4256,4,2173281695
4257,1,2176005695
4258,1,2177848064
4259,0,2178122773
4260,3,2178212062
4261,0,2179485193
4262,4,2179787069
4263,4,2179982256
4264,1,2181109011
4265,1,2181608801
4266,3,2182218481
4267,3,2184903056
4268,0,2185824741
4269,0,2186399833
4270,4,2187342575
4271,3,2188781084
4272,3,2188826303
4273,1,2189433232
4274,4,2190425263
4275,0,2190860149
4276,4,2191286600
4277,3,2192070457
4278,3,2192534598
4279,0,2192691187
4280,3,2193913872
4281,0,2194740403
4282,0,2195576433
4283,0,2195982476
4284,4,2196579350
4285,1,2198398862
4286,3,2199127224
4287,1,2199134314
4288,0,2201359429
4289,0,2201366827
4290,1,2201480932
4291,3,2202706285
4292,3,2204798101
4293,0,2205630976
4294,1,2206395837
4295,2,2207332741
4296,3,2207705732
4297,1,2207859911
4298,1,2207989694
4299,4,2208563444
4300,3,2209384131
4301,3,2209794854
4302,4,2210363647
4303,3,2211507091
4304,3,2211739163
4305,3,2212240705
4306,1,2213190611
4307,0,2213717553
4308,2,2213791385
4309,3,2215284500
4310,0,2216271501
4311,1,2216363355
4312,4,2216896002
4313,1,2217107238
4314,0,2217295704
4315,0,2218096248
4316,0,2220213481
4317,4,2221094720
4318,1,2222006067
4319,4,2222830505
4320,1,2223331087
4321,2,2223900368
4322,3,2224381459
4323,1,2224568193
4324,1,2227758060
4325,3,2231999760
4326,4,2232292106
4327,0,2233610215
4328,3,2233873355
4329,1,2237572886
4330,3,2237790528
4331,0,2237976447
4332,0,2238583308
4333,4,2238698948
4334,1,2239080406
4335,1,2239277007
4336,3,2239322934
4337,0,2239990308
4338,1,2240139672
4339,3,2242628937
4340,1,2243391789
4341,3,2244322255
4342,0,2245399845
4343,4,2246125641
4344,0,2248004738
4345,3,2253595452
4346,1,2253625810
4347,1,2254198191
4348,1,2254544930
4349,0,2255505527
4350,3,2255814172
4351,1,2255863373
4352,0,2256501642
4353,1,2257750549
4354,1,2258575985
4355,4,2259143680
4356,3,2259790678
4357,3,2259941806
4358,1,2260424712
4359,1,2261382956
4360,4,2262200765
4361,3,2262661435
4362,3,2263377702
4363,4,2264287279
4364,0,2264439201
4365,0,2266822193
4366,0,2266877306
4367,4,2267771027
4368,1,2268083852
4369,2,2268249977
4370,1,2268317181
4371,0,2268637809
4372,1,2269135403
4373,3,2272147595
4374,1,2272958056
4375,0,2274715797
4376,1,2275547256
4377,3,2276839797
4378,4,2277312713
4379,2,2278388566
4380,3,2279025960
4381,3,2279400457
4382,3,2279969804
4383,0,2279974804
4384,4,2280289305
4385,2,2280922683
4386,3,2281321390
4387,4,2281977865
4388,1,2282363517
4389,1,2282954288
4390,1,2283319741
4391,3,2283693415
4392,4,2284213539
4393,1,2284682315
4394,3,2285742190
4395,1,2285762993
4396,4,2287007105
4397,3,2287850718
4398,2,2288500109
4399,4,2290743735
4400,1,2290911441
4401,1,2290911682
4402,1,2290912391
4403,1,2290915854
4404,1,2290916506
4405,1,2290916830
4406,1,2290918453
4407,4,2291212106
4408,3,2291659914
4409,1,2292061599
4410,4,2292335741
4411,1,2292762715
4412,1,2293035985
4413,4,2293410863
4414,1,2293604462
4415,4,2293812618
4416,0,2295623613
4417,1,2296455742
4418,1,2296712081
4419,0,2296809857
4420,1,2297420476
4421,1,2297549749
4422,1,2299917245
4423,2,2300080339
4424,3,2302268116
4425,0,2304236548
4426,4,2305059298
4427,1,2305867373
4428,3,2307108373
4429,0,2307109628
4430,3,2308123385
4431,4,2308425633
4432,1,2308925129
4433,0,2309284523
4434,1,2313479263
4435,2,2314104702
4436,4,2316629578
4437,1,2318210563
4438,3,2318406783
4439,1,2319122976
4440,1,2319393616
4441,1,2319613357
4442,0,2319978104
4443,1,2320726747
4444,0,2321022047
4445,3,2321770493
4446,0,2321806836
4447,0,2323985375
4448,4,2324725740
4449,0,2325197076
4450,1,2325932444
4451,1,2326200986
4452,3,2326643149
4453,4,2327659531
4454,1,2327993427
4455,1,2328112851
4456,3,2328425414
4457,4,2328425441
4458,3,2331774873
4459,2,2332309936
4460,1,2332607114
4461,1,2332653650
4462,3,2333712846
4463,4,2333799675
4464,0,2333823343
4465,3,2334665455
4466,1,2335085568
4467,2,2335193198
4468,1,2336153874
4469,0,2336457950
4470,0,2336458210
4471,2,2336459010
4472,2,2336459961
4473,0,2336461458
4474,3,2337456986
4475,3,2338547543
4476,3,2338857095
4477,1,2342661577
4478,0,2342861074
4479,0,2343297599
4480,3,2343300381
4481,1,2343855003
4482,0,2344794365
4483,3,2347182128
4484,1,2347360004
4485,4,2349301029
4486,0,2349922886
4487,1,2351081183
4488,3,2352926588
4489,1,2353137542
4490,1,2355649233
4491,1,2355758373
4492,0,2355947057
4493,1,2357085996
4494,2,2357132101
4495,4,2357707853
4496,3,2358927021
4497,3,2359687406
4498,1,2360275432
4499,3,2360392548
4500,1,2361097494
4501,0,2361127958
4502,2,2361676556
4503,2,2361830578
4504,0,2362011102
4505,3,2363811365
4506,2,2364537825
4507,3,2364642371
4508,3,2365359532
4509,0,2365379756
4510,4,2367193004
4511,4,2367872587
4512,1,2369276760
4513,0,2370395443
4514,4,2373482855
4515,3,2375981287
4516,1,2375982353
4517,3,2378271708
4518,3,2378509204
4519,0,2378976449
4520,0,2381671156
4521,3,2382213352
4522,3,2382653603
4523,1,2383091493
4524,1,2383171145
4525,1,2383883239
4526,2,2385741675
4527,3,2386223163
4528,3,2387705060
4529,3,2387869436
4530,1,2389130774
4531,0,2390588012
4532,0,2392140527
4533,4,2392516341
4534,4,2392554781
4535,3,2393067074
4536,3,2393135940
4537,0,2393489971
4538,4,2393833494
4539,3,2398069168
4540,3,2399082973
4541,0,2399252688
4542,3,2401512632
4543,3,2402792494
4544,0,2403034285
4545,3,2403091887
4546,4,2403506018
4547,0,2406028879
4548,3,2406664261
4549,0,2407427998
4550,3,2407827342
4551,3,2408607257
4552,0,2409679742
4553,1,2410015399
4554,3,2410016133
4555,3,2410592010
4556,3,2410739324
4557,1,2415028478
4558,1,2415045271
4559,3,2418017033
4560,0,2418451157
4561,3,2418715468
4562,3,2419254803
4563,1,2419814030
4564,3,2421300659
4565,1,2421819851
4566,0,2421933261
4567,3,2422031831
4568,1,2422073595
4569,3,2422199656
4570,3,2423683866
4571,3,2425661036
4572,1,2426256350
4573,3,2426338311
4574,3,2426451522
4575,1,2427448277
4576,4,2429117571
4577,4,2429701248
4578,3,2430225517
4579,1,2431127091
4580,0,2433191033
4581,3,2436863462
4582,0,2437832559
4583,3,2438671495
4584,3,2438683883
4585,3,2438717060
4586,4,2438909169
4587,3,2439688174
4588,1,2440429240
4589,1,2440632325
4590,1,2440900767
4591,3,2442562072
4592,1,2442773853
4593,3,2442905610
4594,4,2442914226
4595,2,2443980089
4596,4,2444546633
4597,4,2444700746
4598,3,2444823041
4599,0,2444948561
4600,0,2445273005
4601,1,2449132452
4602,1,2450349613
4603,3,2450515587
4604,4,2451708394
4605,1,2451881032
4606,1,2453691792
4607,1,2454015020
4608,1,2454125126
4609,0,2455163697
4610,0,2456022643
4611,3,2457054388
4612,3,2457160099
4613,3,2457235812
4614,3,2458085136
4615,0,2458123797
4616,1,2458300317
4617,1,2458321420
4618,4,2458635583
4619,0,2458655122
4620,0,2458955403
4621,1,2459170842
4622,4,2461664278
4623,0,2462869352
4624,4,2462888944
4625,3,2463267939
4626,4,2463475261
4627,3,2464289478
4628,3,2464319360
4629,0,2465385345
4630,3,2465906521
4631,3,2465954055
4632,0,2468592585
4633,3,2469529428
4634,1,2469610005
4635,1,2470534843
4636,3,2471028338
4637,1,2471618431
4638,3,2471623086
4639,1,2471642014
4640,1,2471804639
4641,2,2471941325
4642,0,2472499009
4643,4,2472507705
4644,2,2472842505
4645,4,2473590993
4646,0,2473761202
4647,3,2474321279
4648,0,2474379073
4649,2,2474775937
4650,1,2475343177
4651,3,2475557641
4652,3,2475779851
4653,2,2476112051
4654,4,2476277507
4655,1,2477651722
4656,1,2477918007
4657,3,2478344889
4658,2,2478786284
4659,0,2479871001
4660,3,2481485017
4661,3,2481542941
4662,1,2482758443
4663,1,2484560669
4664,1,2485150989
4665,1,2485474524
4666,3,2485666176
4667,3,2485695903
4668,4,2486237526
4669,1,2486341584
4670,0,2487433037
4671,1,2487712373
4672,4,2487835437
4673,3,2488972611
4674,4,2490142311
4675,3,2490337311
4676,2,2491489002
4677,0,2492596924
4678,2,2493139698
4679,3,2493608758
4680,2,2493823460
4681,4,2494201898
4682,4,2494761446
4683,3,2495628227
4684,2,2497428659
4685,1,2498108751
4686,0,2500272980
4687,1,2500822987
4688,4,2500944198
4689,4,2501117279
4690,4,2502606970
4691,3,2502697180
4692,1,2503474099
4693,1,2503772502
4694,1,2503977567
4695,1,2504456088
4696,3,2504536023
4697,1,2505751698
4698,1,2506702957
4699,3,2506733104
4700,2,2507526632
4701,0,2507603623
4702,1,2509026790
4703,0,2509290621
4704,4,2510045490
4705,4,2513243541
4706,1,2514244586
4707,0,2514441828
4708,0,2515108609
4709,4,2515120406
4710,4,2515169443
4711,0,2515305144
4712,2,2515957172
4713,1,2517307858
4714,3,2518057146
4715,1,2518752298
4716,3,2520929781
4717,0,2521759335
4718,0,2522382908
4719,4,2523160035
4720,3,2523162563
4721,4,2523738223
4722,3,2524740402
4723,4,2524911077
4724,0,2524948098
4725,1,2525318273
4726,1,2527775539
4727,1,2529350077
4728,1,2529555536
4729,1,2531122506
4730,3,2531464666
4731,3,2531579874
4732,0,2531579989
4733,0,2532718971
4734,0,2533193707
4735,3,2534938544
4736,0,2535167242
4737,1,2535300754
4738,3,2536375762
4739,3,2537501222
4740,3,2538073968
4741,1,2538409304
4742,3,2538687523
4743,3,2540360252
4744,0,2540673637
4745,2,2540902637
4746,0,2540903232
4747,1,2541459755
4748,0,2542609027
4749,3,2543103454
4750,1,2547309396
4751,3,2548325279
4752,0,2548709420
4753,1,2548710652
4754,3,2549457712
4755,3,2550386747
4756,1,2550988224
4757,4,2551224872
4758,3,2552129687
4759,1,2552199013
4760,1,2555188562
4761,0,2555191539
4762,3,2555203398
4763,3,2555563971
4764,1,2556030498
4765,1,2556636142
4766,3,2556687176
4767,4,2557038315
4768,0,2558258264
4769,0,2559129289
4770,3,2559493975
4771,1,2559653816
4772,1,2561263690
4773,1,2561487720
4774,1,2561972250
4775,0,2563682014
4776,4,2567217733
4777,4,2567487089
4778,1,2567550929
4779,3,2567715141
4780,0,2568188420
4781,0,2571559103
4782,1,2572076727
4783,4,2572088489
4784,3,2572259189
4785,4,2573524623
4786,2,2574902226
4787,3,2575378898
4788,1,2578136699
4789,2,2578163706
4790,3,2578196020
4791,1,2581619211
4792,1,2582721491
4793,1,2583451097
4794,1,2583778377
4795,0,2583975174
4796,3,2584949447
4797,3,2585037256
4798,3,2585259850
4799,0,2586026311
4800,2,2586077367
4801,4,2586697503
4802,2,2588079011
4803,1,2588317430
4804,4,2588734541
4805,4,2589234579
4806,1,2591440425
4807,1,2592220532
4808,4,2594338811
4809,1,2594909812
4810,4,2596287284
4811,1,2597483101
4812,1,2598977610
4813,0,2599712303
4814,2,2600004990
4815,2,2600005334
4816,0,2600011922
4817,2,2600014183
4818,2,2600015793
4819,2,2600019840
4820,2,2600022126
4821,3,2601133885
4822,3,2601630327
4823,3,2604499502
4824,2,2605063762
4825,3,2607716093
4826,0,2607716638
4827,1,2608019233
4828,1,2608938816
4829,3,2610606080
4830,0,2611377494
4831,1,2613262285
4832,4,2614753703
4833,1,2616569438
4834,3,2617293006
4835,1,2619938421
4836,1,2620280335
4837,1,2620595391
4838,3,2620845302
4839,3,2621552621
4840,1,2624903870
4841,1,2624969994
4842,1,2625297316
4843,0,2626575763
4844,4,2630634199
4845,2,2630872294
4846,4,2631308831
4847,3,2631443900
4848,3,2631834986
4849,0,2633042842
4850,4,2633127448
4851,3,2633177867
4852,1,2635085681
4853,4,2635517786
4854,3,2638152167
4855,1,2638291592
4856,2,2639507947
4857,1,2640529398
4858,3,2640897228
4859,1,2641269691
4860,0,2642321849
4861,3,2643098103
4862,1,2643353363
4863,0,2643789367
4864,1,2643856480
4865,4,2644735949
4866,3,2645079627
4867,0,2646661498
4868,3,2647777663
4869,4,2648467039
4870,0,2648559641
4871,0,2649014298
4872,0,2649306546
4873,1,2649899106
4874,1,2651016721
4875,2,2653069644
4876,1,2653621378
4877,4,2653669011
4878,2,2654295448
4879,1,2654355000
4880,1,2654520568
4881,3,2655468685
4882,1,2658138718
4883,0,2660865740
4884,1,2661595535
4885,2,2661881670
4886,1,2662481979
4887,1,2663024266
4888,1,2663055381
4889,0,2663618529
4890,1,2664234094
4891,0,2664960048
4892,3,2665204860
4893,1,2665231102
4894,4,2665677388
4895,4,2665677918
4896,1,2665985915
4897,2,2666368997
4898,4,2666633741
4899,1,2666743335
4900,4,2668178376
4901,3,2668178655
4902,0,2668216232
4903,0,2669353492
4904,4,2669878091
4905,3,2671568153
4906,0,2672331442
4907,1,2672782698
4908,3,2674530304
4909,2,2675655737
4910,1,2678461132
4911,0,2679517135
4912,3,2679707046
4913,0,2681216992
4914,3,2682366339
4915,2,2684909986
4916,4,2685402564
4917,1,2686170757
4918,3,2687218957
4919,3,2689455032
4920,2,2689746101
4921,3,2689839617
4922,2,2690168798
4923,4,2691728380
4924,1,2691768789
4925,0,2691803724
4926,3,2692066929
4927,3,2692151213
4928,0,2692323095
4929,1,2693069172
4930,0,2693252297
4931,0,2694142918
4932,3,2694532236
4933,0,2694672839
4934,3,2696053704
4935,4,2696483061
4936,0,2697102960
4937,3,2701222909
4938,3,2701661035
4939,0,2702757115
4940,1,2703429777
4941,2,2703773639
4942,4,2703904211
4943,4,2703904243
4944,2,2704039755
4945,1,2704045848
4946,0,2704263947
4947,4,2707692380
4948,4,2708129319
4949,0,2708489509
4950,0,2708490506
4951,3,2709213665
4952,3,2710729527
4953,4,2711121992
4954,4,2711181344
4955,1,2711657069
4956,0,2711759302
4957,3,2712448247
4958,0,2712654285
4959,1,2712751486
4960,3,2713100374
4961,3,2713231165
4962,1,2713979599
4963,1,2714133390
4964,4,2714635543
4965,2,2715310196
4966,0,2715311600
4967,0,2716117927
4968,3,2716569483
4969,2,2716726033
4970,1,2718053150
4971,0,2718261720
4972,3,2718920714
4973,0,2719011445
4974,0,2719340322
4975,1,2719938008
4976,4,2720076093
4977,1,2720314723
4978,1,2721230960
4979,0,2721399646
4980,2,2721983252
4981,1,2722040353
4982,4,2722553599
4983,4,2723406723
4984,0,2723580220
4985,4,2723842207
4986,1,2724143355
4987,0,2726289121
4988,0,2726640816
4989,3,2727260684
4990,0,2727494553
4991,3,2729153094
4992,0,2730112666
4993,2,2730417362
4994,0,2731266744
4995,3,2731490772
4996,3,2732335973
4997,1,2733036062
4998,3,2733201444
4999,2,2733294394
5000,1,2733954635
5001,1,2734043534
5002,3,2734857616
5003,4,2735097061
5004,3,2736221270
5005,3,2736372137
5006,1,2736449728
5007,3,2736463455
5008,1,2737396360
5009,4,2737810884
5010,1,2737866270
5011,3,2737868576
5012,3,2739002840
5013,0,2740051294
5014,0,2741625033
5015,3,2742280788
5016,1,2743186156
5017,3,2743361953
5018,1,2744013062
5019,0,2744285656
5020,1,2745607906
5021,4,2747802270
5022,3,2748673123
5023,2,2749644694
5024,1,2750256612
5025,4,2750925325
5026,1,2751549980
5027,0,2752961963
5028,1,2753179560
5029,3,2753329599
5030,0,2755223525
5031,2,2755239462
5032,3,2756069204
5033,1,2756762737
5034,0,2756996957
5035,1,2757707543
5036,2,2757764111
5037,1,2760042026
5038,1,2760895956
5039,3,2761952321
5040,1,2762301612
5041,4,2763552643
5042,4,2765184565
5043,2,2766141046
5044,1,2766893262
5045,1,2767447965
5046,1,2770664432
5047,2,2770986644
5048,0,2771174251
5049,1,2771878802
5050,3,2772203760
5051,2,2772969859
5052,0,2773328267
5053,3,2774525103
5054,3,2775646398
5055,1,2776447690
5056,4,2777246328
5057,3,2778695410
5058,3,2779181833
5059,2,2779233527
5060,3,2781849557
5061,4,2782348218
5062,3,2783065822
5063,3,2783284418
5064,0,2783845860
5065,2,2787293483
5066,3,2787384887
5067,4,2787391049
5068,1,2788096660
5069,3,2788179174
5070,3,2789039918
5071,1,2792086890
5072,1,2792631337
5073,3,2794690967
5074,0,2795766235
5075,3,2796527111
5076,4,2797480926
5077,2,2798170986
5078,1,2798580272
5079,0,2801786614
5080,3,2802662445
5081,1,2803055381
5082,1,2804780961
5083,3,2806415964
5084,1,2807838273
5085,4,2808500777
5086,0,2810031212
5087,0,2810416986
5088,0,2812079766
5089,1,2812863899
5090,0,2814063914
5091,1,2814553771
5092,4,2815042205
5093,3,2816760411
5094,4,2817640253
5095,2,2819725567
5096,3,2820737040
5097,1,2821648852
5098,0,2822980024
5099,1,2824432264
5100,1,2825136479
5101,3,2825473414
5102,3,2825585841
5103,1,2826574896
5104,1,2826857017
5105,4,2827161124
5106,0,2827313818
5107,1,2827463374
5108,3,2827858467
5109,1,2828071023
5110,0,2828120254
5111,0,2829496543
5112,1,2829939850
5113,4,2829959802
5114,1,2830156969
5115,1,2830600802
5116,1,2831238928
5117,4,2831704674
5118,1,2832858436
5119,0,2834266654
5120,1,2834930501
5121,1,2835207362
5122,3,2835308644
5123,1,2837409804
5124,2,2841305973
5125,1,2841664440
5126,3,2841938018
5127,1,2842112050
5128,1,2842206889
5129,0,2843012014
5130,3,2844765934
5131,3,2845491869
5132,1,2847073739
5133,3,2848230538
5134,0,2848361129
5135,3,2848662878
5136,3,2848662893
5137,3,2848902118
5138,1,2849024918
5139,1,2849490246
5140,4,2850345323
5141,3,2850634330
5142,3,2851964008
5143,3,2852556341
5144,4,2852801668
5145,0,2852935853
5146,0,2853488377
5147,0,2853642842
5148,4,2855643113
5149,3,2855827505
5150,3,2856272118
5151,1,2857119407
5152,4,2858775139
5153,2,2859280541
5154,1,2860504127
5155,4,2860957054
5156,1,2862002399
5157,0,2862856558
5158,3,2863170555
5159,0,2866204539
5160,4,2867113633
5161,1,2867254034
5162,3,2867603722
5163,1,2867983525
5164,3,2869187257
5165,3,2869636012
5166,3,2871093289
5167,3,2874302991
5168,0,2875323018
5169,3,2878586724
5170,4,2879287965
5171,3,2880809708
5172,0,2881260468
5173,3,2882183125
5174,0,2882193154
5175,4,2882305319
5176,0,2882516677
5177,3,2883695506
5178,1,2884447724
5179,1,2885192542
5180,1,2887028329
5181,1,2887538445
5182,4,2888299564
5183,4,2889643343
5184,1,2890763885
5185,4,2892847718
5186,1,2893264215
5187,3,2893867111
5188,0,2894032555
5189,1,2894970945
5190,1,2895211968
5191,4,2898789838
5192,1,2899762439
5193,1,2903379333
5194,3,2904731772
5195,1,2905439009
5196,3,2905617172
5197,3,2906836964
5198,3,2907104852
5199,0,2907105035
5200,4,2907264555
5201,3,2907361864
5202,1,2907364199
5203,1,2908690284
5204,4,2909141695
5205,3,2911438448
5206,4,2911808342
5207,0,2913405420
5208,1,2916425554
5209,0,2916645166
5210,4,2917491833
5211,3,2918294754
5212,1,2918729482
5213,3,2919260404
5214,4,2920131051
5215,1,2920569255
5216,0,2920758366
5217,0,2920758729
5218,3,2920761779
5219,0,2921082011
5220,3,2921103599
5221,1,2921838962
5222,3,2922508118
5223,3,2923985425
5224,2,2924401396
5225,1,2924633940
5226,0,2924637245
5227,4,2924805736
5228,3,2925508247
5229,1,2925692161
5230,1,2925979661
5231,3,2928487022
5232,0,2928803444
5233,2,2929322208
5234,4,2930262026
5235,4,2931870992
5236,3,2931980497
5237,3,2932692697
5238,1,2933899773
5239,3,2935357492
5240,0,2935358110
5241,3,2935767581
5242,3,2937029136
5243,0,2937237506
5244,3,2938076149
5245,1,2942542208
5246,3,2942957508
5247,2,2943697056
5248,4,2944219166
5249,4,2944291755
5250,1,2944467197
5251,0,2944923052
5252,3,2945083235
5253,3,2946461635
5254,4,2947416591
5255,3,2948318939
5256,0,2948616673
5257,3,2949075129
5258,3,2949233083
5259,1,2949556602
5260,3,2950501151
5261,0,2953476806
5262,3,2954196914
5263,3,2954490480
5264,1,2954620742
5265,0,2955317928
5266,2,2956260259
5267,3,2956663132
5268,0,2957371283
5269,2,2958332911
5270,0,2959065344
5271,0,2959508829
5272,1,2959817609
5273,0,2960277251
5274,4,2962403383
5275,4,2962416313
5276,0,2962421735
5277,4,2963159309
5278,1,2963166883
5279,2,2963931328
5280,1,2964606294
5281,1,2965261400
5282,4,2965366604
5283,0,2965486855
5284,4,2965716330
5285,0,2965938836
5286,3,2966840196
5287,3,2967093767
5288,0,2967300480
5289,1,2967398905
5290,2,2967508486
5291,4,2967849853
5292,1,2968239247
5293,3,2968810789
5294,0,2968875105
5295,0,2970832375
5296,1,2970944701
5297,4,2971483546
5298,1,2971534555
5299,1,2972028545
5300,1,2972314068
5301,4,2973388238
5302,1,2974099136
5303,1,2974128632
5304,0,2974781664
5305,0,2974994503
5306,1,2975597939
5307,3,2977706349
5308,3,2978405434
5309,3,2979933303
5310,0,2982157190
5311,1,2982959399
5312,0,2983163466
5313,1,2983861459
5314,3,2984236479
5315,0,2984909817
5316,1,2985524977
5317,1,2986875197
5318,3,2987321546
5319,0,2990054516
5320,3,2990744505
5321,2,2991513460
5322,0,2991729081
5323,1,2993961696
5324,3,2994397643
5325,1,2995246838
5326,0,2995960388
5327,4,2996591882
5328,1,2998775224
5329,0,3001110632
5330,0,3001126453
5331,1,3002258917
5332,3,3002947992
5333,2,3005712083
5334,0,3007697429
5335,2,3007736771
5336,0,3008150513
5337,1,3008647763
5338,3,3008672779
5339,1,3009979854
5340,4,3010672014
5341,4,3011568551
5342,3,3012357329
5343,4,3012402754
5344,1,3012944677
5345,3,3013643214
5346,0,3014222344
5347,2,3014702770
5348,0,3014915240
5349,0,3015276369
5350,4,3015677779
5351,1,3016965833
5352,1,3017142793
5353,0,3018539627
5354,4,3018914211
5355,3,3019620407
5356,1,3020044665
5357,4,3020510632
5358,4,3020788617
5359,3,3023117964
5360,2,3025811122
5361,3,3026111115
5362,0,3026272825
5363,2,3026274253
5364,2,3026741675
5365,0,3027019774
5366,3,3027092922
5367,0,3027592010
5368,0,3028605150
5369,2,3028610458
5370,3,3028699247
5371,3,3029067923
5372,0,3029136793
5373,3,3030455615
5374,2,3031474384
5375,3,3031850803
5376,0,3032944697
5377,1,3034925367
5378,3,3035112891
5379,0,3035335996
5380,1,3035786525
5381,4,3036630333
5382,3,3038978453
5383,0,3039138568
5384,3,3040190541
5385,4,3042602589
5386,2,3043393804
5387,0,3043778596
5388,4,3044512804
5389,1,3044800355
5390,3,3044835896
5391,0,3045804131
5392,1,3046077720
5393,0,3047173596
5394,4,3047749309
5395,0,3048173671
5396,4,3048181803
5397,0,3048526991
5398,0,3048609214
5399,1,3048719583
5400,1,3049713419
5401,1,3049844354
5402,4,3050560393
5403,1,3050860578
5404,1,3051346473
5405,1,3051415095
5406,1,3052226478
5407,4,3052392829
5408,3,3054433292
5409,1,3054997464
5410,1,3056928040
5411,4,3057927747
5412,3,3062019103
5413,0,3062719101
5414,4,3064543160
5415,3,3065642988
5416,1,3065828830
5417,1,3066003963
5418,1,3066900866
5419,1,3069397578
5420,3,3069897299
5421,3,3069967694
5422,3,3071017356
5423,4,3071716051
5424,1,3072599536
5425,1,3072613002
5426,0,3074161959
5427,3,3076013994
5428,4,3076206309
5429,2,3076455680
5430,2,3076749768
5431,3,3077634161
5432,1,3077728258
5433,3,3077784347
5434,0,3077938260
5435,3,3078171388
5436,1,3078192320
5437,1,3079345318
5438,1,3079972146
5439,0,3080499166
5440,2,3080557259
5441,0,3080673659
5442,0,3080935079
5443,3,3080935853
5444,1,3081094295
5445,0,3082587043
5446,2,3082868329
5447,4,3083768833
5448,1,3084568427
5449,1,3085055756
5450,0,3085094889
5451,1,3085298106
5452,0,3085423897
5453,1,3085596890
5454,4,3085637678
5455,2,3085851176
5456,3,3087316596
5457,3,3089008607
5458,1,3089141252
5459,1,3089906639
5460,0,3091714922
5461,3,3091916056
5462,1,3091921790
5463,4,3092253735
5464,1,3093241368
5465,1,3096087374
5466,2,3098490152
5467,3,3099229856
5468,3,3099751699
5469,3,3100153606
5470,2,3101117879
5471,1,3102389743
5472,3,3102531459
5473,4,3103623134
5474,1,3103623165
5475,1,3104348307
5476,1,3104461753
5477,0,3105106330
5478,1,3107762981
5479,4,3108207778
5480,1,3108271621
5481,0,3110353013
5482,2,3110744325
5483,4,3111430994
5484,3,3111676958
5485,3,3112767771
5486,1,3112913873
5487,1,3115609982
5488,0,3116004508
5489,2,3116011209
5490,3,3116848483
5491,3,3117341861
5492,0,3117598338
5493,2,3117900682
5494,2,3119616376
5495,1,3119907120
5496,3,3120756035
5497,1,3121498204
5498,3,3121669531
5499,1,3121891894
5500,0,3121934384
5501,1,3122072036
5502,4,3122241357
5503,3,3126958988
5504,1,3130585124
5505,1,3131049350
5506,1,3131337307
5507,3,3131744329
5508,3,3131959832
5509,2,3132668752
5510,0,3132668853
5511,3,3132756808
5512,2,3133667202
5513,4,3134554520
5514,2,3134742781
5515,3,3135444247
5516,0,3135967010
5517,2,3137081688
5518,1,3137082907
5519,1,3137083201
5520,0,3137087993
5521,1,3138393663
5522,0,3139404204
5523,0,3139960277
5524,1,3140371693
5525,1,3140523522
5526,1,3140524250
5527,3,3143614360
5528,0,3145398856
5529,1,3146781162
5530,3,3147581664
5531,4,3147773637
5532,1,3148998749
5533,2,3149542204
5534,1,3149905484
5535,3,3150711906
5536,4,3153840225
5537,1,3153963194
5538,1,3154721907
5539,2,3155483939
5540,2,3155484676
5541,2,3155484727
5542,1,3155485801
5543,1,3157841258
5544,4,3158545185
5545,0,3159669927
5546,3,3160330620
5547,3,3160657311
5548,2,3162602369
5549,3,3162979386
5550,1,3164688786
5551,1,3165073951
5552,1,3166942076
5553,4,3169321823
5554,3,3170656661
5555,4,3170721747
5556,1,3171171248
5557,2,3171423284
5558,3,3171617090
5559,0,3173898924
5560,1,3174388845
5561,4,3174939106
5562,2,3175137619
5563,1,3176337395
5564,4,3176497885
5565,3,3178920926
5566,0,3179911424
5567,0,3180417320
5568,2,3180549828
5569,0,3181618198
5570,0,3182046319
5571,1,3182397750
5572,1,3182696535
5573,1,3183478144
5574,4,3187674294
5575,4,3187674726
5576,0,3187941693
5577,0,3188056774
5578,0,3188060012
5579,3,3191249735
5580,3,3191736583
5581,1,3191767932
5582,4,3191772353
5583,1,3192747368
5584,3,3195238684
5585,1,3196492896
5586,2,3197817954
5587,1,3198107999
5588,3,3198108597
5589,3,3199014547
5590,3,3199355141
5591,1,3199651348
5592,3,3204164124
5593,1,3204785064
5594,1,3204985810
5595,3,3205233495
5596,0,3207811169
5597,0,3209318658
5598,0,3209322555
5599,2,3209845821
5600,0,3210178080
5601,1,3210200338
5602,4,3210328734
5603,1,3210446023
5604,4,3210601786
5605,1,3210605578
5606,3,3212978995
5607,3,3214449795
5608,3,3214700950
5609,3,3214704557
5610,4,3215534886
5611,2,3215664861
5612,4,3215958504
5613,0,3217348719
5614,3,3218797637
5615,2,3219185703
5616,0,3220151061
5617,0,3220748613
5618,3,3220816351
5619,1,3221533793
5620,3,3221993464
5621,4,3222335114
5622,4,3222345194
5623,2,3223181423
5624,3,3223185032
5625,4,3223445644
5626,0,3223553340
5627,4,3225262278
5628,3,3225521030
5629,0,3227008586
5630,0,3227594047
5631,0,3230754027
5632,0,3232203265
5633,4,3232303764
5634,0,3233290603
5635,3,3233448213
5636,3,3233713873
5637,3,3233812758
5638,1,3233860148
5639,4,3233867988
5640,1,3234211147
5641,4,3235277264
5642,2,3235293427
5643,1,3236194414
5644,3,3236254605
5645,3,3237822801
5646,0,3238902519
5647,3,3239031938
5648,3,3239762939
5649,2,3239763011
5650,4,3240096739
5651,2,3240176526
5652,0,3240253093
5653,0,3240447240
5654,3,3241249104
5655,1,3242473732
5656,3,3243007647
5657,3,3243864865
5658,0,3243952755
5659,4,3244259888
5660,2,3244621413
5661,1,3244824924
5662,1,3244963001
5663,0,3245943515
5664,3,3246273785
5665,2,3246800965
5666,4,3249272572
5667,3,3249967181
5668,1,3250316817
5669,1,3251502815
5670,3,3252124379
5671,4,3253826938
5672,0,3254746892
5673,4,3254765510
5674,3,3255473064
5675,3,3255770637
5676,0,3256279464
5677,1,3256280093
5678,2,3256942420
5679,3,3257178302
5680,3,3257181615
5681,1,3257199813
5682,4,3258823074
5683,1,3259377869
5684,2,3259389991
5685,0,3259451985
5686,1,3260618505
5687,3,3261143599
5688,3,3261305822
5689,1,3261554466
5690,3,3262275594
5691,1,3262335650
5692,1,3262430658
5693,3,3264145373
5694,1,3264194109
5695,1,3265945140
5696,4,3266080931
5697,0,3266085189
5698,1,3268468843
5699,1,3269098498
5700,0,3269555909
5701,1,3272096021
5702,0,3272599886
5703,3,3274052810
5704,1,3274584063
5705,2,3275225908
5706,4,3277743995
5707,2,3281775160
5708,1,3281917213
5709,4,3282685498
5710,1,3283119754
5711,0,3283354664
5712,0,3283423767
5713,0,3283514849
5714,3,3286686045
5715,4,3287245624
5716,3,3287541397
5717,3,3288132176
5718,1,3289254826
5719,1,3290115751
5720,4,3291546361
5721,3,3293545195
5722,1,3293737871
5723,1,3295191562
5724,1,3295254360
5725,4,3295411558
5726,4,3295764238
5727,1,3296666755
5728,0,3299816121
5729,3,3302096516
5730,1,3303280559
5731,3,3304338238
5732,3,3304775820
5733,0,3304993029
5734,1,3309732507
5735,1,3310171985
5736,3,3311092753
5737,4,3311460623
5738,3,3311577738
5739,0,3313075916
5740,1,3313214569
5741,3,3313290846
5742,3,3313358647
5743,3,3313442918
5744,2,3313552665
5745,4,3315971073
5746,1,3316227499
5747,1,3317160704
5748,3,3318122718
5749,4,3318697585
5750,3,3319388147
5751,1,3319423005
5752,0,3319735814
5753,1,3320812945
5754,3,3323964407
5755,0,3324467191
5756,3,3325269654
5757,3,3325384201
5758,4,3325822244
5759,3,3326334750
5760,0,3326732856
5761,1,3327611627
5762,4,3327667987
5763,1,3328656170
5764,4,3328922988
5765,1,3330533484
5766,1,3331077440
5767,1,3334790941
5768,0,3336169631
5769,4,3336193651
5770,1,3338898663
5771,0,3338902572
5772,3,3340258001
5773,0,3341584861
5774,4,3342458621
5775,1,3344857520
5776,0,3345437690
5777,0,3346673910
5778,1,3346905202
5779,1,3346966975
5780,3,3347607367
5781,3,3349406185
5782,0,3351872002
5783,1,3352018621
5784,4,3353286182
5785,1,3354496669
5786,1,3354735614
5787,3,3355416697
5788,2,3355507019
5789,0,3355580811
5790,1,3356479672
5791,3,3356531752
5792,1,3356614099
5793,3,3358232742
5794,4,3358672510
5795,4,3359349787
5796,3,3359376899
5797,3,3360087633
5798,1,3361105671
5799,3,3361408979
5800,0,3361429626
5801,3,3361817733
5802,1,3361996722
5803,4,3362152171
5804,4,3363276749
5805,3,3363410537
5806,3,3363671172
5807,3,3364263502
5808,0,3366862341
5809,3,3367424111
5810,1,3367456807
5811,0,3367539308
5812,4,3368096353
5813,1,3368691164
5814,1,3370188225
5815,0,3370764878
5816,0,3370912148
5817,1,3372386309
5818,0,3372499527
5819,3,3372775189
5820,1,3373438399
5821,1,3374969090
5822,1,3375415021
5823,3,3375430482
5824,3,3375454047
5825,1,3376126869
5826,3,3376383537
5827,1,3376485692
5828,1,3377243082
5829,1,3377671463
5830,0,3378050401
5831,2,3379969608
5832,3,3381039831
5833,1,3381232697
5834,0,3382055048
5835,0,3382145339
5836,3,3382153808
5837,0,3382191139
5838,1,3382736895
5839,2,3382978552
5840,1,3384100368
5841,3,3385889650
5842,4,3386370734
5843,3,3387869432
5844,1,3392337431
5845,0,3393090340
5846,1,3393891784
5847,3,3396100696
5848,3,3398442669
5849,3,3398754693
5850,1,3399522467
5851,0,3399668255
5852,3,3400363793
5853,0,3400851100
5854,3,3400926817
5855,0,3400959901
5856,4,3401741154
5857,4,3401983650
5858,0,3402078145
5859,3,3402573855
5860,0,3402844028
5861,0,3402854445
5862,4,3402961662
5863,4,3405231852
5864,3,3406793570
5865,4,3407376289
5866,3,3407456746
5867,0,3408347341
5868,2,3408684641
5869,0,3408698045
5870,1,3408722421
5871,1,3408782012
5872,1,3409541663
5873,4,3409635326
5874,3,3410197433
5875,1,3410445657
5876,0,3410597693
5877,1,3412863018
5878,3,3412863799
5879,1,3413164951
5880,1,3415827564
5881,0,3416021975
5882,2,3418258557
5883,1,3419079238
5884,2,3420008099
5885,1,3422607324
5886,2,3422885307
5887,3,3423351331
5888,0,3423560375
5889,1,3425072113
5890,0,3425624197
5891,4,3425752351
5892,1,3425782944
5893,4,3426014638
5894,3,3426059042
5895,1,3427850082
5896,3,3427995172
5897,4,3428354250
5898,0,3429536481
5899,0,3430814535
5900,1,3431033087
5901,1,3431188729
5902,3,3431572648
5903,4,3432075217
5904,3,3432477166
5905,3,3433750351
5906,0,3435212518
5907,4,3435245106
5908,3,3436066129
5909,4,3436719041
5910,3,3436927145
5911,1,3437085743
5912,3,3440123718
5913,4,3440577601
5914,4,3441672041
5915,3,3442510265
5916,1,3442820926
5917,3,3443113845
5918,3,3443152021
5919,1,3443419389
5920,4,3443977668
5921,4,3444414312
5922,4,3444675209
5923,1,3444758876
5924,2,3444858514
5925,3,3444981093
5926,3,3446364378
5927,4,3446426282
5928,1,3447262633
5929,3,3447285335
5930,3,3447290398
5931,0,3448212699
5932,0,3449236609
5933,4,3449298019
5934,1,3449328886
5935,1,3449689306
5936,2,3449878974
5937,3,3450651215
5938,0,3451610207
5939,2,3451615117
5940,1,3453435516
5941,3,3453456090
5942,1,3453492458
5943,1,3454986950
5944,1,3455768457
5945,2,3456212963
5946,1,3458045649
5947,3,3458502352
5948,1,3458553202
5949,1,3459964751
5950,3,3461032961
5951,1,3461812634
5952,0,3463278576
5953,0,3463557578
5954,0,3466434696
5955,1,3466644144
5956,3,3466690184
5957,4,3468071001
5958,1,3470729142
5959,3,3470885386
5960,4,3470939668
5961,0,3471462194
5962,1,3471586474
5963,1,3472354421
5964,0,3474664861
5965,3,3474699677
5966,0,3475329791
5967,3,3475496424
5968,3,3475771631
5969,0,3475838268
5970,1,3475948228
5971,1,3475950517
5972,3,3476094672
5973,1,3476297620
5974,1,3476726268
5975,3,3477199575
5976,3,3478389453
5977,0,3478728688
5978,1,3478883385
5979,3,3480445354
5980,1,3482906467
5981,1,3483533982
5982,1,3484113584
5983,3,3484494172
5984,3,3485416935
5985,0,3488545491
5986,4,3488823383
5987,3,3489427395
5988,0,3489465208
5989,4,3491385579
5990,3,3491663682
5991,2,3492396367
5992,0,3492890759
5993,4,3493587439
5994,3,3494472931
5995,3,3494473210
5996,1,3497717627
5997,4,3499587589
5998,2,3502022276
5999,4,3502636522
6000,1,3506073800
6001,4,3506593183
6002,3,3507147212
6003,2,3507169473
6004,4,3509441827
6005,3,3509466721
6006,1,3511791636
6007,2,3512468109
6008,3,3514161476
6009,4,3515040730
6010,1,3516576412
6011,1,3516599817
6012,1,3517135944
6013,1,3517740741
6014,3,3518223634
6015,3,3518926711
6016,2,3521548060
6017,0,3521549587
6018,0,3523073428
6019,4,3523703559
6020,0,3524195674
6021,1,3524204731
6022,2,3525008776
6023,0,3526026217
6024,1,3526198611
6025,2,3527301428
6026,2,3527722607
6027,0,3527960372
6028,3,3528346694
6029,4,3530752174
6030,0,3533063566
6031,3,3533493504
6032,3,3534101339
6033,3,3534118548
6034,1,3534660535
6035,0,3536010623
6036,3,3536184292
6037,1,3537773707
6038,1,3539504588
6039,3,3540126443
6040,3,3540126521
6041,1,3540213518
6042,3,3541741105
6043,3,3541937873
6044,3,3542902492
6045,3,3543655215
6046,3,3543836203
6047,0,3544549952
6048,1,3546216672
6049,4,3547560726
6050,3,3549449048
6051,0,3549456941
6052,1,3551705200
6053,0,3552888566
6054,3,3553304585
6055,4,3554237799
6056,4,3554945974
6057,1,3556108657
6058,1,3556834606
6059,1,3557598545
6060,1,3558855845
6061,3,3559499163
6062,0,3559695613
6063,2,3559774446
6064,3,3562493088
6065,2,3562763879
6066,3,3562805372
6067,3,3563038146
6068,3,3564080430
6069,4,3566255472
6070,1,3567778144
6071,2,3568267358
6072,1,3568333106
6073,2,3571113196
6074,2,3571252269
6075,1,3571723917
6076,3,3571954741
6077,1,3572761965
6078,1,3572813456
6079,2,3573586555
6080,3,3573785983
6081,1,3573918494
6082,3,3574813081
6083,3,3576482910
6084,3,3576845508
6085,4,3577262724
6086,4,3577626731
6087,1,3578604472
6088,3,3578776280
6089,0,3578832172
6090,3,3579295445
6091,3,3580166594
6092,4,3580560849
6093,1,3581139157
6094,1,3581941203
6095,4,3582091765
6096,4,3582430229
6097,4,3585446426
6098,2,3585645456
6099,1,3585788982
6100,1,3585826518
6101,3,3587333618
6102,0,3588462926
6103,0,3589548656
6104,3,3589646079
6105,3,3589979478
6106,3,3591199159
6107,0,3591365167
6108,1,3591490226
6109,1,3593651315
6110,3,3593878733
6111,1,3594260152
6112,4,3595081344
6113,1,3595221398
6114,2,3595310520
6115,0,3598291007
6116,1,3599313350
6117,3,3600226896
6118,3,3601347279
6119,1,3601990223
6120,4,3602638468
6121,1,3602670570
6122,4,3603685452
6123,1,3604039767
6124,3,3604041182
6125,2,3604232517
6126,3,3604999135
6127,0,3604999317
6128,3,3605248454
6129,1,3605260878
6130,1,3606701293
6131,3,3608420832
6132,3,3608565748
6133,3,3609265297
6134,1,3609523905
6135,3,3610025822
6136,1,3610560350
6137,1,3610907618
6138,0,3611482464
6139,3,3612185429
6140,0,3612779560
6141,3,3614048316
6142,1,3614296998
6143,0,3614380980
6144,0,3614381926
6145,3,3614614326
6146,3,3615232282
6147,1,3616268272
6148,3,3616570796
6149,3,3617574316
6150,0,3619090730
6151,1,3619703841
6152,3,3620291596
6153,0,3621467580
6154,3,3622328473
6155,4,3622414756
6156,1,3622473427
6157,3,3622572204
6158,1,3625754525
6159,1,3627260641
6160,2,3627742393
6161,1,3627916931
6162,1,3628876033
6163,1,3631771788
6164,0,3632364758
6165,3,3632781810
6166,4,3635460439
6167,3,3635984580
6168,1,3636487191
6169,4,3636710912
6170,1,3637149591
6171,1,3637313624
6172,4,3638087413
6173,1,3639535765
6174,2,3641613000
6175,1,3643364106
6176,2,3643567497
6177,4,3643654859
6178,4,3644740878
6179,1,3645245905
6180,2,3645275860
6181,3,3645319168
6182,3,3645335794
6183,0,3646244984
6184,2,3646388549
6185,2,3646725348
6186,4,3646965401
6187,1,3647270498
6188,3,3648521833
6189,0,3648989835
6190,3,3649004723
6191,4,3649917843
6192,1,3651408246
6193,3,3653703904
6194,0,3654023347
6195,0,3654753775
6196,1,3655474819
6197,3,3657425163
6198,0,3657577373
6199,2,3657638843
6200,3,3658111783
6201,4,3659584858
6202,1,3661742293
6203,4,3661765887
6204,4,3662368671
6205,0,3662368844
6206,2,3663389900
6207,4,3663630207
6208,0,3663948078
6209,3,3664527831
6210,1,3664644784
6211,2,3666034606
6212,3,3666444609
6213,3,3669165523
6214,0,3671252487
6215,0,3671832788
6216,1,3672661413
6217,1,3673868271
6218,4,3674765951
6219,0,3675497113
6220,1,3675824413
6221,2,3676281879
6222,1,3677672942
6223,4,3679879829
6224,3,3680044039
6225,4,3680399837
6226,0,3680412575
6227,3,3680797643
6228,3,3682192507
6229,0,3683086531
6230,3,3684767014
6231,3,3685973138
6232,4,3686028965
6233,1,3686347469
6234,3,3686472327
6235,0,3686539200
6236,1,3686637271
6237,1,3689266481
6238,1,3691176609
6239,0,3691291106
6240,1,3692181016
6241,3,3692922023
6242,1,3693696483
6243,1,3694275184
6244,3,3694684286
6245,1,3695001751
6246,3,3695559605
6247,1,3695600799
6248,1,3695737090
6249,3,3696754536
6250,1,3697380336
6251,4,3697581249
6252,1,3697899458
6253,4,3698423025
6254,1,3700030326
6255,1,3701119034
6256,1,3701210345
6257,2,3702811980
6258,4,3703926159
6259,1,3704614516
6260,2,3705604090
6261,0,3706893313
6262,3,3706970882
6263,1,3708354123
6264,2,3709185556
6265,1,3710373559
6266,1,3710913435
6267,0,3711733064
6268,3,3711944865
6269,1,3712941391
6270,4,3713412407
6271,0,3714325697
6272,0,3715976422
6273,0,3718796079
6274,2,3718797709
6275,1,3719582325
6276,3,3719803371
6277,3,3719803506
6278,1,3720212324
6279,3,3720667231
6280,1,3723074875
6281,4,3723198119
6282,3,3724327902
6283,0,3724352223
6284,1,3726278037
6285,4,3726354819
6286,2,3726688579
6287,1,3726734465
6288,3,3728149384
6289,0,3728352774
6290,0,3728357302
6291,2,3729289437
6292,3,3730234108
6293,4,3730926645
6294,1,3731032765
6295,1,3731037453
6296,1,3731256300
6297,4,3731358446
6298,4,3731562802
6299,4,3732161925
6300,3,3732186641
6301,0,3732284869
6302,3,3734083957
6303,3,3734284561
6304,3,3734453408
6305,0,3736419432
6306,1,3737169117
6307,4,3737169168
6308,4,3737878486
6309,0,3738188938
6310,0,3738203411
6311,1,3738397914
6312,1,3739582708
6313,2,3739597329
6314,3,3739675962
6315,0,3740299838
6316,1,3742427076
6317,3,3743156827
6318,0,3743390934
6319,1,3746799494
6320,1,3749051679
6321,3,3750218323
6322,0,3750352884
6323,3,3750449949
6324,3,3750889112
6325,0,3751495801
6326,2,3752053471
6327,1,3752185815
6328,0,3752864195
6329,0,3753155720
6330,3,3753193756
6331,3,3753934370
6332,3,3754406820
6333,1,3756140855
6334,0,3757808380
6335,1,3759463759
6336,1,3761306274
6337,1,3761306344
6338,0,3763267203
6339,0,3763788290
6340,3,3764355416
6341,1,3765496605
6342,1,3767503712
6343,3,3768420441
6344,4,3768739177
6345,1,3768775879
6346,1,3770539120
6347,1,3773818572
6348,0,3774911050
6349,0,3775715239
6350,0,3776452800
6351,0,3776628745
6352,4,3776835288
6353,3,3777124882
6354,1,3779119764
6355,2,3779208416
6356,4,3779210918
6357,3,3782202365
6358,3,3782482323
6359,4,3782716227
6360,4,3782726472
6361,0,3783095867
6362,2,3783290610
6363,4,3783875481
6364,0,3784704810
6365,3,3787082877
6366,3,3787083080
6367,1,3788107543
6368,3,3791748014
6369,3,3792738690
6370,4,3793192005
6371,0,3793738299
6372,4,3794195229
6373,3,3794587752
6374,1,3797226582
6375,1,3798330933
6376,0,3799113052
6377,1,3801082014
6378,3,3802089234
6379,0,3802960319
6380,3,3803326354
6381,1,3803905585
6382,2,3803914836
6383,0,3803917954
6384,3,3805088466
6385,3,3806580086
6386,3,3806792761
6387,0,3807185219
6388,1,3807820708
6389,3,3808222332
6390,3,3808576585
6391,3,3808598366
6392,1,3809133109
6393,3,3812306451
6394,4,3813510353
6395,3,3815094235
6396,3,3815122112
6397,3,3815379131
6398,2,3817092624
6399,3,3817894481
6400,0,3818196645
6401,2,3820106383
6402,3,3820872394
6403,4,3821572831
6404,1,3822033630
6405,1,3822046470
6406,0,3822178648
6407,0,3822424232
6408,2,3823080504
6409,4,3824617085
6410,2,3825105167
6411,2,3825233742
6412,1,3825510967
6413,1,3825680310
6414,1,3825774234
6415,3,3825776764
6416,1,3827416488
6417,2,3827766587
6418,0,3828305540
6419,3,3829985299
6420,3,3831460047
6421,1,3832185179
6422,2,3833044784
6423,1,3833217126
6424,4,3833792191
6425,1,3833821394
6426,1,3834309766
6427,1,3834521148
6428,1,3834972885
6429,3,3835569703
6430,1,3836973089
6431,0,3837220631
6432,2,3837553238
6433,3,3838027772
6434,2,3838152864
6435,0,3840157200
6436,1,3840404992
6437,1,3840578980
6438,4,3841075138
6439,1,3841170871
6440,3,3842941960
6441,1,3843062613
6442,1,3844199313
6443,4,3844227467
6444,2,3844532943
6445,3,3844539690
6446,0,3845000679
6447,4,3845547032
6448,4,3845758665
6449,3,3846269172
6450,2,3846928310
6451,1,3848088785
6452,1,3848477468
6453,3,3848828659
6454,0,3848999869
6455,4,3850359858
6456,3,3851864691
6457,1,3852580132
6458,3,3854863345
6459,3,3859526432
6460,4,3860274839
6461,3,3860908476
6462,1,3861116443
6463,1,3861611152
6464,3,3861703567
6465,3,3862004196
6466,1,3862172907
6467,1,3862552821
6468,2,3862833803
6469,3,3863262955
6470,0,3864254307
6471,1,3865034984
6472,3,3865295396
6473,0,3865943956
6474,3,3866729041
6475,1,3867664881
6476,3,3868232946
6477,0,3868909746
6478,1,3870077035
6479,1,3871339077
6480,1,3871465524
6481,0,3871826433
6482,3,3872095816
6483,4,3873300706
6484,4,3873550490
6485,1,3874504859
6486,1,3874525141
6487,3,3875592108
6488,1,3877188656
6489,0,3877968457
6490,3,3877975647
6491,1,3879274800
6492,3,3879493166
6493,2,3879822771
6494,0,3881211099
6495,3,3881471258
6496,0,3881630159
6497,3,3881923358
6498,1,3882518215
6499,3,3882709707
6500,1,3882816529
6501,0,3884560638
6502,1,3885741343
6503,3,3885745031
6504,1,3885773098
6505,2,3886023304
6506,1,3886218141
6507,1,3887194022
6508,1,3887229368
6509,1,3888965870
6510,0,3891004590
6511,0,3892295579
6512,3,3892317888
6513,1,3892529984
6514,0,3893400264
6515,1,3894280855
6516,0,3895484851
6517,0,3896554023
6518,1,3897157818
6519,1,3898025962
6520,3,3899465573
6521,2,3899987249
6522,3,3900834984
6523,4,3901090793
6524,4,3901907108
6525,3,3901983510
6526,0,3902210139
6527,4,3902759927
6528,1,3903007899
6529,3,3903344755
6530,0,3903348986
6531,3,3903928065
6532,4,3905302634
6533,3,3905544291
6534,4,3906631281
6535,2,3907185734
6536,1,3907237677
6537,1,3907757209
6538,4,3908840940
6539,4,3908881614
6540,0,3908892396
6541,0,3908991525
6542,1,3910506026
6543,1,3913393184
6544,1,3913908204
6545,0,3915000881
6546,3,3915105809
6547,0,3915499381
6548,4,3916113028
6549,3,3916746330
6550,1,3917162028
6551,3,3918232421
6552,0,3918526448
6553,0,3920168020
6554,0,3920171462
6555,1,3921772551
6556,0,3923492536
6557,1,3924584235
6558,4,3924598497
6559,2,3925942321
6560,1,3927066252
6561,2,3927280994
6562,2,3927282877
6563,2,3927284733
6564,2,3927323848
6565,3,3927868554
6566,2,3928679798
6567,0,3928956513
6568,3,3929021108
6569,4,3930000069
6570,3,3930735891
6571,3,3930941505
6572,2,3931794864
6573,0,3933141931
6574,3,3933523113
6575,0,3934734668
6576,2,3934734699
6577,0,3935415434
6578,0,3935589255
6579,3,3935640874
6580,0,3936590697
6581,3,3936685182
6582,1,3939627056
6583,1,3940159171
6584,1,3940563732
6585,3,3942492665
6586,3,3944001168
6587,4,3944294677
6588,1,3944435169
6589,0,3944576097
6590,4,3945609600
6591,1,3946808351
6592,3,3949004713
6593,3,3951149089
6594,3,3952551273
6595,1,3953043697
6596,4,3953092840
6597,1,3954822326
6598,1,3956016792
6599,2,3956916293
6600,2,3956970102
6601,0,3957886728
6602,3,3959124921
6603,2,3959697163
6604,1,3960447777
6605,2,3960933015
6606,2,3960982095
6607,3,3961155347
6608,1,3961322000
6609,1,3961335573
6610,3,3962516089
6611,2,3963972675
6612,0,3965268634
6613,0,3965275596
6614,4,3966979929
6615,3,3967297193
6616,0,3967748834
6617,3,3967879147
6618,1,3968880250
6619,3,3969111216
6620,3,3970768868
6621,0,3971287550
6622,2,3973152809
6623,2,3974127699
6624,0,3974370089
6625,2,3974528225
6626,1,3975652503
6627,1,3978375076
6628,1,3979016850
6629,0,3982034203
6630,3,3982088716
6631,3,3982131530
6632,0,3982215881
6633,1,3982880785
6634,2,3983394692
6635,1,3984309414
6636,0,3984903831
6637,1,3985570919
6638,0,3986402261
6639,3,3987285577
6640,3,3987406090
6641,0,3988399648
6642,3,3988714217
6643,3,3989238558
6644,4,3991164522
6645,1,3991771476
6646,4,3994623011
6647,0,3995116269
6648,4,3996062804
6649,1,3996076131
6650,4,3996112306
6651,1,3996535912
6652,1,3997129362
6653,4,3997813904
6654,3,3997950919
6655,4,3997995144
6656,0,3998468301
6657,1,4000672554
6658,1,4000957604
6659,2,4002357896
6660,3,4002969979
6661,3,4003219517
6662,4,4007375442
6663,4,4007644829
6664,1,4008693180
6665,0,4010633068
6666,1,4011433616
6667,0,4011882248
6668,2,4011882466
6669,0,4014088514
6670,1,4017179451
6671,1,4017883910
6672,1,4020203473
6673,4,4020805163
6674,1,4021110255
6675,3,4022382713
6676,0,4022571325
6677,0,4024376881
6678,2,4026035009
6679,2,4026236627
6680,0,4029984538
6681,0,4030868593
6682,1,4031229613
6683,4,4031731408
6684,4,4032608405
6685,0,4032658875
6686,2,4033716792
6687,4,4034834974
6688,0,4035517966
6689,0,4036153711
6690,1,4036368548
6691,0,4036483953
6692,0,4036630057
6693,0,4038935196
6694,1,4039291861
6695,2,4039705161
6696,1,4040212420
6697,3,4040244084
6698,2,4041161083
6699,2,4041161119
6700,3,4041594385
6701,1,4041972395
6702,2,4043726583
6703,3,4045057916
6704,4,4045554908
6705,4,4045941316
6706,4,4046396543
6707,1,4046740404
6708,2,4047302697
6709,0,4047473934
6710,2,4049133424
6711,3,4049589710
6712,1,4049968694
6713,2,4050242150
6714,1,4052118162
6715,4,4053461546
6716,1,4053545247
6717,3,4053721227
6718,0,4054241346
6719,3,4055342283
6720,0,4055887673
6721,1,4056219174
6722,0,4056889409
6723,0,4057052234
6724,4,4059076349
6725,4,4059135377
6726,1,4059174346
6727,0,4060237482
6728,3,4060903861
6729,1,4061271954
6730,0,4061948007
6731,3,4063072768
6732,3,4065632748
6733,1,4065992360
6734,0,4066031091
6735,4,4066635954
6736,4,4066746380
6737,0,4067138428
6738,0,4067261680
6739,1,4067268368
6740,3,4067848079
6741,3,4068248624
6742,4,4068563558
6743,0,4070264254
6744,4,4070474752
6745,1,4070508676
6746,1,4071559232
6747,1,4072673406
6748,2,4073271711
6749,3,4074224899
6750,4,4074434457
6751,1,4074435094
6752,0,4075839673
6753,1,4075877605
6754,3,4079250186
6755,4,4079553271
6756,1,4079597591
6757,3,4081166172
6758,0,4083590730
6759,3,4084108583
6760,1,4086007172
6761,3,4086285878
6762,1,4086684457
6763,0,4086965291
6764,3,4089644003
6765,1,4090562125
6766,1,4090642363
6767,1,4094181938
6768,2,4095299233
6769,1,4095365548
6770,1,4096435796
6771,3,4096831288
6772,1,4097256249
6773,0,4097267996
6774,3,4097484562
6775,1,4098028134
6776,1,4098034346
6777,1,4098811864
6778,3,4099451106
6779,0,4100486733
6780,1,4100632169
6781,3,4100801074
6782,1,4101568151
6783,2,4101883091
6784,3,4104521095
6785,3,4105393185
6786,3,4105823912
6787,1,4105866234
6788,1,4106699507
6789,2,4109820044
6790,4,4109924601
6791,1,4111068389
6792,1,4112502696
6793,0,4112503504
6794,4,4112822577
6795,0,4115342002
6796,3,4116458493
6797,2,4116831060
6798,1,4116943599
6799,0,4121642234
6800,3,4122891257
6801,1,4124511610
6802,0,4124972210
6803,2,4125054751
6804,0,4125224576
6805,2,4125357545
6806,2,4125530797
6807,1,4125572230
6808,1,4126024342
6809,3,4126291830
6810,3,4126340570
6811,3,4127187881
6812,3,4128790584
6813,0,4129556604
6814,3,4131051876
6815,4,4131267778
6816,1,4133420093
6817,1,4133840374
6818,2,4134834655
6819,0,4134837420
6820,3,4135175504
6821,3,4135508962
6822,1,4135608154
6823,0,4136290100
6824,1,4136462320
6825,1,4136574776
6826,3,4136970580
6827,3,4136974280
6828,2,4138323204
6829,3,4139204051
6830,1,4139468122
6831,4,4139630719
6832,3,4141275804
6833,4,4141276185
6834,3,4142184228
6835,3,4142225405
6836,3,4143446392
6837,0,4145720360
6838,4,4146360442
6839,0,4146422558
6840,4,4148550865
6841,4,4148890841
6842,3,4149451422
6843,1,4150826881
6844,4,4151287924
6845,3,4151971022
6846,1,4152000422
6847,3,4158012143
6848,4,4158214262
6849,3,4158862583
6850,3,4159139440
6851,3,4159957982
6852,3,4159997390
6853,3,4160000556
6854,2,4163424307
6855,3,4163552829
6856,0,4166452221
6857,1,4167415145
6858,3,4167455010
6859,4,4167655210
6860,1,4169653850
6861,2,4169703042
6862,1,4169763779
6863,1,4171399530
6864,0,4173173335
6865,1,4173644500
6866,4,4174763477
6867,0,4176574328
6868,1,4177271568
6869,3,4177446796
6870,0,4177530342
6871,4,4177918353
6872,2,4181579287
6873,0,4182473015
6874,3,4182843801
6875,0,4182991588
6876,1,4184339900
6877,1,4185312384
6878,0,4185905309
6879,3,4186498033
6880,4,4187141420
6881,3,4187218845
6882,0,4187661796
6883,1,4188052399
6884,1,4188142031
6885,1,4188146541
6886,1,4188725888
6887,3,4188863972
6888,0,4189508157
6889,1,4189923634
6890,1,4191014295
6891,0,4191141675
6892,0,4191225100
6893,4,4191872812
6894,1,4193963500
6895,0,4194996751
6896,1,4195043036
6897,3,4195057742
6898,0,4195137017
6899,0,4195198336
6900,3,4196939705
6901,2,4196997966
6902,1,4197015600
6903,3,4197279238
6904,1,4197424125
6905,3,4197843233
6906,1,4197972529
6907,3,4198076899
6908,3,4198981809
6909,0,4199234378
6910,3,4199349381
6911,0,4199373429
6912,4,4199603860
6913,3,4200792705
6914,3,4201200879
6915,3,4201613598
6916,2,4201633845
6917,3,4202468122
6918,1,4202728470
6919,1,4205309079
6920,2,4205689547
6921,3,4206524796
6922,4,4206576909
6923,1,4206639768
6924,4,4207218245
6925,4,4207371302
6926,1,4208937980
6927,3,4208993547
6928,1,4209102614
6929,1,4209238353
6930,0,4209908263
6931,1,4210150624
6932,0,4210479329
6933,0,4210795383
6934,0,4212093565
6935,0,4212989006
6936,4,4213048848
6937,2,4213282460
6938,3,4213588982
6939,3,4214819406
6940,0,4217538456
6941,4,4218989627
6942,1,4219014573
6943,2,4219449591
6944,3,4220087011
6945,0,4221145488
6946,1,4221397122
6947,1,4223672200
6948,1,4224491039
6949,3,4226553675
6950,0,4227334764
6951,1,4228236136
6952,3,4230492688
6953,0,4232862896
6954,4,4233197709
6955,1,4234614828
6956,0,4236692689
6957,1,4236695704
6958,4,4236844949
6959,0,4237123693
6960,0,4237124374
6961,2,4237124636
6962,1,4237899054
6963,3,4237913798
6964,0,4237915973
6965,3,4238788614
6966,1,4239307146
6967,0,4239457550
6968,0,4239459127
6969,3,4239551690
6970,3,4239944204
6971,0,4242961858
6972,1,4243208056
6973,0,4244768478
6974,1,4245532565
6975,4,4245809368
6976,3,4245903574
6977,1,4247371145
6978,3,4247611782
6979,3,4248168106
6980,0,4248612475
6981,3,4251399730
6982,4,4251952262
6983,0,4252896127
6984,1,4253023542
6985,0,4253518981
6986,1,4253568113
6987,1,4253734229
6988,3,4256088349
6989,0,4256186753
6990,1,4256389854
6991,3,4256715235
6992,4,4262221965
6993,3,4262892467
6994,1,4263096174
6995,3,4263328293
6996,1,4263634375
6997,3,4265302867
6998,1,4266617024
6999,1,4266854433
7000,3,4267928490
7001,0,4267970587
7002,2,4268536240
7003,1,4270145207
7004,0,4270356165
7005,0,4270421725
7006,0,4272026067
7007,1,4272182260
7008,0,4275079231
7009,1,4276263024
7010,0,4276345911
7011,3,4276829671
7012,3,4277132468
7013,3,4277385120
7014,3,4277761740
7015,3,4277991953
7016,2,4278024297
7017,4,4279101140
7018,3,4279819422
7019,1,4280245232
7020,0,4280450666
7021,0,4280480712
7022,1,4281301277
7023,3,4281733413
7024,3,4281960085
7025,0,4282730939
7026,1,4283997283
7027,3,4284011229
7028,3,4284025094
7029,1,4284205130
7030,0,4284867961
7031,4,4285351594
7032,0,4286584796
7033,4,4287423808
7034,0,4287501396
7035,1,4287825477
7036,1,4288925610
7037,0,4289585408
7038,1,4289700399
7039,1,4289749238
7040,3,4291322037
7041,1,4291941958
7042,1,4292082897
7043,1,4292717216
7044,3,4292958812
7045,0,4293566368
7046,3,4293835574
7047,1,4294272852
7048,1,4295682363
7049,1,4295878578
7050,2,4296155210
7051,0,4297130912
7052,0,4299107486
7053,4,4300041470
7054,3,4300230092
7055,3,4301018580
7056,4,4302288219
7057,0,4304591870
7058,3,4306118487
7059,2,4308347937
7060,1,4309116684
7061,3,4310775410
7062,4,4312753172
7063,1,4313416111
7064,1,4314122734
7065,1,4314534942
7066,0,4319090747
7067,1,4319246284
7068,3,4319297068
7069,3,4320782127
7070,1,4321519884
7071,3,4323519394
7072,0,4325040181
7073,0,4325125946
7074,3,4326425354
7075,1,4328940026
7076,3,4329886354
7077,3,4330520222
7078,2,4332647048
7079,1,4333460559
7080,2,4335047494
7081,4,4337603429
7082,3,4337806534
7083,0,4337897728
7084,0,4338925178
7085,1,4339139284
7086,1,4340704048
7087,1,4340784200
7088,3,4341022698
7089,2,4341426530
7090,1,4341994733
7091,0,4342483501
7092,3,4342679744
7093,1,4342915707
7094,3,4342932707
7095,3,4342934559
7096,0,4345210857
7097,3,4346651452
7098,3,4346951500
7099,0,4348232439
7100,1,4348886838
7101,4,4349115757
7102,4,4349428925
7103,1,4350780367
7104,4,4351369636
7105,0,4351899675
7106,3,4352064731
7107,3,4352892412
7108,1,4354960516
7109,1,4355136371
7110,4,4356387887
7111,3,4357259474
7112,0,4357811140
7113,3,4359896879
7114,1,4360019651
7115,4,4360973026
7116,1,4361861835
7117,3,4363228818
7118,1,4363667306
7119,0,4364209745
7120,0,4364802960
7121,3,4366127122
7122,3,4366241633
7123,4,4366651183
7124,4,4366724535
7125,1,4367381517
7126,1,4368260115
7127,3,4368795598
7128,2,4370823055
7129,1,4371498768
7130,1,4371842683
7131,1,4374944747
7132,0,4375279194
7133,4,4375532951
7134,1,4377001975
7135,4,4378732416
7136,0,4380177465
7137,2,4380329300
7138,1,4380759315
7139,1,4381348820
7140,0,4383640505
7141,1,4385452388
7142,3,4386767265
7143,2,4386930748
7144,1,4387183282
7145,4,4389879043
7146,1,4389961202
7147,0,4390129577
7148,3,4391150009
7149,3,4391314920
7150,1,4392867952
7151,1,4393527370
7152,1,4393538539
7153,1,4393822573
7154,1,4394143549
7155,1,4394445075
7156,2,4395633420
7157,1,4397590455
7158,3,4398011233
7159,0,4398057860
7160,1,4398186853
7161,3,4399651031
7162,3,4401181786
7163,0,4402204131
7164,3,4402867701
7165,3,4402996913
7166,3,4403633321
7167,3,4404341167
7168,1,4404542189
7169,0,4404849649
7170,3,4405060532
7171,3,4410179518
7172,4,4414272493
7173,1,4415204621
7174,4,4415734870
7175,0,4415740815
7176,4,4418399444
7177,3,4418584918
7178,3,4419831999
7179,3,4420310828
7180,0,4421204791
7181,2,4421620800
7182,1,4421917829
7183,1,4422088497
7184,0,4423451566
7185,1,4425839302
7186,1,4426937565
7187,4,4427150261
7188,3,4427464567
7189,4,4429877859
7190,4,4430599671
7191,3,4431155493
7192,1,4431935533
7193,3,4434681991
7194,1,4435267584
7195,1,4436941244
7196,3,4437107706
7197,1,4437360724
7198,3,4438108704
7199,1,4438503546
7200,1,4439311255
7201,3,4440014764
7202,2,4441929670
7203,3,4442055219
7204,4,4442358219
7205,0,4443294230
7206,0,4443294274
7207,4,4444456620
7208,1,4444829622
7209,1,4444943629
7210,3,4445121396
7211,4,4445462286
7212,1,4451296191
7213,1,4451599495
7214,3,4452891772
7215,1,4454426642
7216,3,4454550895
7217,2,4455335806
7218,0,4455702004
7219,1,4456828699
7220,0,4456975233
7221,2,4456976103
7222,2,4457793338
7223,0,4457796747
7224,2,4458298311
7225,1,4458753102
7226,3,4458922373
7227,4,4460501384
7228,4,4460981239
7229,1,4461984948
7230,2,4462202591
7231,0,4462221159
7232,1,4462243382
7233,3,4462479057
7234,3,4463503060
7235,0,4464651246
7236,1,4465158577
7237,4,4466516744
7238,2,4466995946
7239,4,4468356083
7240,4,4469756342
7241,1,4470092154
7242,0,4470760760
7243,3,4471492349
7244,2,4472220087
7245,0,4472224149
7246,4,4472658224
7247,1,4473634769
7248,1,4473745478
7249,0,4473857225
7250,0,4474879923
7251,0,4475575574
7252,3,4475656485
7253,0,4475874135
7254,3,4476051713
7255,2,4476053118
7256,4,4476922558
7257,2,4477173864
7258,0,4477219417
7259,3,4477922472
7260,0,4477959415
7261,0,4480001212
7262,0,4480307066
7263,4,4480974597
7264,3,4481016040
7265,3,4481674074
7266,3,4482200406
7267,1,4482492445
7268,3,4482999306
7269,0,4484217919
7270,1,4484228900
7271,4,4484636377
7272,0,4485195095
7273,1,4486794387
7274,0,4487953319
7275,1,4489064991
7276,0,4489580821
7277,1,4489621981
7278,4,4490144456
7279,1,4491699967
7280,0,4493622164
7281,3,4493869141
7282,2,4494281023
7283,4,4494643215
7284,4,4494671545
7285,2,4495282550
7286,3,4495428383
7287,1,4497186432
7288,4,4497518735
7289,4,4497518927
7290,4,4499378224
7291,1,4502127627
7292,1,4502254038
7293,2,4502793204
7294,0,4503600462
7295,4,4505035731
7296,1,4505827893
7297,1,4506473145
7298,3,4506724360
7299,0,4506855098
7300,2,4506856118
7301,2,4506858418
7302,0,4508141367
7303,2,4508147366
7304,2,4510915315
7305,3,4511497275
7306,3,4511514840
7307,1,4512065564
7308,3,4512834761
7309,1,4512835232
7310,0,4513144675
7311,4,4513693609
7312,0,4513710166
7313,3,4514668720
7314,0,4518001571
7315,1,4518714960
7316,2,4519851672
7317,3,4520885256
7318,2,4521978584
7319,1,4522054700
7320,4,4523242210
7321,4,4523347851
7322,0,4524654455
7323,3,4524678947
7324,3,4526746620
7325,1,4527422614
7326,3,4527458155
7327,3,4528077451
7328,2,4528421854
7329,2,4528433198
7330,1,4529030557
7331,4,4530655547
7332,0,4532505902
7333,1,4532555782
7334,1,4533667553
7335,3,4534184915
7336,0,4537493534
7337,3,4537507522
7338,1,4538210193
7339,3,4538581753
7340,1,4542529834
7341,1,4542998696
7342,0,4543691206
7343,4,4543923342
7344,0,4544769861
7345,4,4545806329
7346,0,4545926472
7347,0,4545929692
7348,2,4545949058
7349,2,4545960613
7350,2,4545962038
7351,4,4547013593
7352,2,4547035466
7353,0,4547538845
7354,4,4548053648
7355,1,4549198889
7356,3,4550348393
7357,4,4551112880
7358,1,4551512439
7359,0,4551520360
7360,3,4552111365
7361,1,4552685013
7362,1,4553405041
7363,0,4553420092
7364,0,4553484956
7365,3,4555228234
7366,3,4556938523
7367,4,4556964865
7368,0,4557169751
7369,0,4557256216
7370,0,4557927057
7371,0,4560236315
7372,1,4562510184
7373,1,4568963250
7374,1,4569027435
7375,1,4573174544
7376,1,4573813464
7377,1,4574677634
7378,4,4576120787
7379,1,4576803070
7380,0,4577668465
7381,3,4577841296
7382,4,4577858775
7383,1,4577859975
7384,0,4578907884
7385,2,4578910706
7386,2,4578917405
7387,2,4580082617
7388,2,4580196381
7389,4,4581419622
7390,0,4581786558
7391,4,4583873780
7392,3,4584707467
7393,4,4584844207
7394,4,4585264267
7395,3,4585435285
7396,0,4586145613
7397,1,4586298722
7398,0,4588626407
7399,1,4589699066
7400,2,4589734983
7401,4,4590227215
7402,1,4590953711
7403,3,4591379709
7404,1,4592310558
7405,2,4593774548
7406,0,4594023140
7407,0,4594785111
7408,3,4596075554
7409,3,4596171620
7410,1,4597019704
7411,4,4598474051
7412,1,4598751002
7413,0,4599761487
7414,3,4601730426
7415,3,4603282142
7416,3,4603374643
7417,4,4603511973
7418,1,4603655479
7419,2,4604733081
7420,1,4605680403
7421,1,4606178003
7422,1,4606473254
7423,3,4607205983
7424,1,4609288519
7425,1,4609607560
7426,1,4610313326
7427,2,4611033020
7428,2,4611762365
7429,1,4612036073
7430,1,4612603944
7431,1,4614041376
7432,3,4616533887
7433,1,4617389784
7434,0,4617894936
7435,1,4620981999
7436,1,4621316768
7437,0,4622875728
7438,0,4622876259
7439,1,4622942903
7440,1,4623875321
7441,1,4624302519
7442,1,4624302590
7443,4,4624925309
7444,0,4626419016
7445,1,4627028455
7446,1,4627725018
7447,1,4628332288
7448,1,4631195675
7449,4,4632972011
7450,0,4634234114
7451,1,4635025975
7452,3,4636438663
7453,0,4638717078
7454,0,4641833808
7455,0,4643216934
7456,0,4643899632
7457,0,4644517985
7458,3,4646270703
7459,0,4646963764
7460,1,4648060852
7461,1,4649174024
7462,0,4650826006
7463,0,4651914625
7464,0,4653084243
7465,1,4653104882
7466,2,4655600107
7467,3,4658251353
7468,1,4659256980
7469,0,4661426688
7470,2,4661764808
7471,1,4662872964
7472,3,4663824340
7473,0,4664240165
7474,1,4665601736
7475,4,4666018315
7476,4,4667840288
7477,4,4670100144
7478,0,4671436774
7479,0,4671612473
7480,3,4671894173
7481,3,4672731757
7482,0,4674289954
7483,3,4675066057
7484,3,4676426527
7485,4,4676517058
7486,3,4676556432
7487,4,4679068747
7488,3,4680018872
7489,4,4680834260
7490,2,4681739125
7491,2,4681741462
7492,3,4682103358
7493,4,4682247673
7494,0,4683554080
7495,0,4685028720
7496,0,4685614818
7497,1,4687095790
7498,1,4687116726
7499,3,4688239058
7500,0,4688510820
7501,3,4688925698
7502,2,4689110496
7503,0,4689325101
7504,2,4691654783
7505,3,4692364800
7506,3,4692383999
7507,1,4693140377
7508,0,4693797852
7509,1,4693842206
7510,2,4693922606
7511,3,4694388095
7512,0,4695073136
7513,1,4695125206
7514,3,4696635562
7515,0,4697213258
7516,2,4697369326
7517,2,4697373546
7518,0,4698187893
7519,0,4699925941
7520,4,4702601131
7521,1,4702767087
7522,3,4702878616
7523,0,4705863287
7524,3,4706352231
7525,1,4706644435
7526,1,4706785934
7527,1,4707153543
7528,0,4710369004
7529,3,4710916750
7530,0,4711319605
7531,3,4711653464
7532,1,4712352313
7533,1,4712543872
7534,0,4714195810
7535,3,4714968609
7536,0,4715452951
7537,1,4716783708
7538,3,4717301448
7539,2,4718528383
7540,4,4720728039
7541,4,4722911896
7542,1,4724278529
7543,3,4726088434
7544,3,4726088455
7545,1,4726856479
7546,3,4727112132
7547,3,4727229486
7548,4,4728270007
7549,3,4728655911
7550,1,4729293718
7551,4,4729509287
7552,1,4730042933
7553,4,4730160389
7554,3,4730281569
7555,2,4732778977
7556,4,4734028879
7557,2,4735179729
7558,0,4735179992
7559,3,4735750194
7560,0,4736950482
7561,3,4737189325
7562,3,4738758127
7563,2,4740046050
7564,0,4740200452
7565,3,4740261498
7566,0,4741649552
7567,0,4742394149
7568,3,4742503145
7569,3,4742541681
7570,2,4743516048
7571,3,4745571661
7572,3,4746091875
7573,0,4747458418
7574,1,4750160015
7575,1,4751061063
7576,3,4751209816
7577,4,4753196067
7578,0,4753550727
7579,1,4755043153
7580,4,4755143443
7581,3,4757330918
7582,2,4757816285
7583,3,4760109073
7584,3,4760637713
7585,1,4762107356
7586,4,4762506397
7587,0,4762926718
7588,4,4763081793
7589,3,4764182361
7590,3,4764259019
7591,1,4765486491
7592,1,4766030528
7593,0,4766167959
7594,1,4767368446
7595,0,4767952310
7596,1,4767966536
7597,1,4769298897
7598,2,4771885294
7599,3,4772318978
7600,1,4773035109
7601,0,4773566724
7602,1,4773975097
7603,1,4774421428
7604,3,4774874484
7605,3,4775304818
7606,0,4775577252
7607,1,4779238508
7608,0,4781222775
7609,0,4781229266
7610,0,4781237901
7611,4,4781912031
7612,1,4782086336
7613,0,4782975570
7614,0,4783556045
7615,2,4786204081
7616,0,4786670712
7617,1,4786805755
7618,3,4786861199
7619,3,4786896119
7620,2,4787014750
7621,0,4789198972
7622,3,4789930844
7623,4,4791798022
7624,0,4792411293
7625,4,4793383962
7626,0,4793435414
7627,2,4794620516
7628,3,4796508088
7629,3,4799540605
7630,1,4800244806
7631,4,4801830945
7632,2,4804352036
7633,4,4805314352
7634,2,4805650670
7635,1,4807480670
7636,0,4808278805
7637,3,4808432065
7638,3,4809428116
7639,0,4809720824
7640,0,4810705811
7641,1,4811147917
7642,2,4812004024
7643,0,4812088328
7644,4,4812155150
7645,1,4812823841
7646,3,4814416126
7647,1,4816018639
7648,1,4816107150
7649,3,4816206076
7650,1,4816214611
7651,1,4818322511
7652,2,4818938587
7653,3,4819065248
7654,3,4819502724
7655,3,4819560071
7656,0,4820483122
7657,4,4820671777
7658,3,4820691327
7659,1,4820810506
7660,1,4822778279
7661,3,4823695059
7662,1,4824775197
7663,3,4825416820
7664,1,4825472911
7665,1,4825989788
7666,3,4829140604
7667,1,4831969575
7668,0,4832994546
7669,1,4834050346
7670,1,4834191907
7671,1,4834605633
7672,1,4835158266
7673,4,4835493148
7674,4,4837654886
7675,4,4837695255
7676,1,4837975787
7677,2,4838399624
7678,1,4838520751
7679,0,4840665967
7680,0,4843994656
7681,3,4844268121
7682,1,4845011836
7683,0,4846374705
7684,3,4846997140
7685,1,4848071103
7686,3,4848317877
7687,1,4848854993
7688,1,4849528772
7689,0,4849905733
7690,2,4852817506
7691,1,4854318775
7692,2,4854665162
7693,3,4855447135
7694,3,4855476516
7695,1,4858434557
7696,4,4858528729
7697,3,4859861998
7698,0,4859983702
7699,1,4860546651
7700,4,4860827090
7701,2,4865506264
7702,3,4865507209
7703,3,4865507731
7704,2,4865876508
7705,0,4867647930
7706,1,4867725346
7707,1,4868059584
7708,0,4868125898
7709,3,4869136607
7710,3,4869600817
7711,1,4870210110
7712,1,4872679602
7713,1,4872774991
7714,1,4874139354
7715,1,4874426363
7716,3,4874775346
7717,1,4875519661
7718,3,4876013153
7719,1,4876572077
7720,1,4878152432
7721,3,4878589188
7722,3,4882723876
7723,0,4883492191
7724,1,4884198449
7725,4,4884442040
7726,4,4885584319
7727,2,4887711479
7728,1,4887803683
7729,3,4889460762
7730,1,4890055697
7731,1,4890754883
7732,3,4893375278
7733,3,4896405154
7734,3,4897155613
7735,3,4897161379
7736,2,4897669907
7737,2,4899925084
7738,1,4900330667
7739,3,4900404518
7740,0,4901813843
7741,1,4902575843
7742,1,4903171727
7743,1,4903267080
7744,4,4905297347
7745,0,4905538528
7746,0,4905769949
7747,4,4906283814
7748,3,4908289910
7749,4,4908373000
7750,3,4909056150
7751,3,4910263119
7752,0,4911221294
7753,3,4912181696
7754,3,4912588210
7755,4,4913700336
7756,1,4914056756
7757,2,4914216969
7758,3,4914217639
7759,3,4915588380
7760,3,4915863753
7761,1,4918507716
7762,0,4918846209
7763,0,4920532411
7764,2,4920712524
7765,1,4921154308
7766,2,4921205439
7767,2,4921974598
7768,2,4923361950
7769,1,4923484126
7770,3,4924308385
7771,0,4924491539
7772,3,4926230892
7773,4,4927142282
7774,0,4927583629
7775,0,4928285874
7776,0,4928944575
7777,3,4929949614
7778,1,4930847164
7779,3,4931896378
7780,3,4932517447
7781,3,4933648333
7782,3,4935657293
7783,3,4936364586
7784,0,4936946561
7785,0,4937754253
7786,3,4939765571
7787,1,4942322005
7788,0,4944113378
7789,1,4946067827
7790,0,4946536393
7791,0,4947228069
7792,1,4947355465
7793,3,4949272951
7794,0,4949935221
7795,1,4950075942
7796,1,4950996154
7797,0,4953480658
7798,3,4953706146
7799,1,4954113947
7800,3,4954579865
7801,1,4954917323
7802,1,4955540097
7803,0,4961297055
7804,3,4962754880
7805,2,4963626484
7806,3,4964462246
7807,4,4964780224
7808,4,4966767711
7809,1,4967547791
7810,2,4968443391
7811,1,4968459826
7812,2,4968836578
7813,3,4970227709
7814,4,4970332716
7815,1,4970355064
7816,4,4971352070
7817,0,4972865836
7818,0,4975092346
7819,3,4975265554
7820,1,4976012382
7821,1,4977177274
7822,0,4977701041
7823,0,4978071380
7824,4,4979949850
7825,3,4980250146
7826,3,4980806449
7827,1,4981048223
7828,1,4981567732
7829,3,4982037073
7830,2,4983653192
7831,3,4987182980
7832,1,4987680910
7833,0,4989470838
7834,3,4989893871
7835,2,4991180590
7836,0,4994789649
7837,4,4995498270
7838,0,4996351884
7839,1,4996593918
7840,1,4997400216
7841,1,5000027625
7842,1,5001469695
7843,0,5001733149
7844,1,5003728532
7845,4,5004545434
7846,3,5007387920
7847,3,5007489031
7848,3,5009719623
7849,3,5010093733
7850,1,5010945131
7851,1,5011866552
7852,2,5012058295
7853,1,5012152299
7854,1,5012625982
7855,4,5013317302
7856,0,5014005437
7857,1,5014745405
7858,3,5014745747
7859,3,5015073883
7860,1,5015280056
7861,0,5016394127
7862,1,5019231807
7863,0,5020466365
7864,0,5020925474
7865,0,5021225969
7866,3,5021546094
7867,2,5022495234
7868,1,5022929803
7869,0,5022941421
7870,0,5023277108
7871,3,5023985184
7872,1,5024196449
7873,1,5025211847
7874,0,5026829776
7875,1,5027338824
7876,1,5027657099
7877,2,5028173648
7878,1,5029562878
7879,1,5029873736
7880,0,5031275383
7881,1,5032244872
7882,3,5032362489
7883,2,5033107663
7884,3,5033248768
7885,0,5034054081
7886,0,5034454161
7887,3,5035777461
7888,0,5035991001
7889,3,5036423641
7890,2,5037242304
7891,1,5038884770
7892,1,5039727812
7893,3,5041882796
7894,1,5043319307
7895,3,5043734010
7896,4,5044892740
7897,3,5044960200
7898,0,5045078703
7899,3,5045584357
7900,1,5048168178
7901,3,5048231193
7902,3,5048560233
7903,4,5049338943
7904,0,5049527705
7905,1,5050652085
7906,3,5052778289
7907,4,5053961656
7908,4,5054558557
7909,4,5055050077
7910,3,5055716576
7911,1,5056795398
7912,1,5057122814
7913,1,5057414665
7914,3,5057630955
7915,1,5057835194
7916,3,5058884979
7917,3,5060618091
7918,1,5061092557
7919,1,5062151456
7920,4,5062674446
7921,4,5062682943
7922,3,5063081182
7923,1,5063870253
7924,2,5064377859
7925,3,5064412908
7926,0,5064924095
7927,1,5068509173
7928,1,5068533781
7929,1,5069562913
7930,3,5070642033
7931,2,5073073640
7932,3,5073447731
7933,4,5073800660
7934,1,5073950191
7935,3,5074870310
7936,3,5075956937
7937,1,5078719067
7938,1,5079092680
7939,0,5079524261
7940,3,5079664395
7941,3,5079766148
7942,3,5082329545
7943,0,5083037859
7944,3,5084016328
7945,1,5084276194
7946,3,5084465146
7947,1,5084541286
7948,1,5084541293
7949,4,5084656593
7950,4,5084817814
7951,0,5085455693
7952,0,5085604704
7953,3,5086801401
7954,1,5087710969
7955,1,5087988010
7956,0,5088059974
7957,1,5088251673
7958,4,5091150109
7959,1,5092541961
7960,4,5093176476
7961,2,5093975878
7962,0,5093997711
7963,2,5094348351
7964,4,5095629755
7965,1,5101286979
7966,3,5101628650
7967,4,5101728769
7968,1,5102588870
7969,2,5102897966
7970,0,5102922561
7971,0,5102934695
7972,0,5103345192
7973,0,5103605433
7974,4,5103855046
7975,0,5104906842
7976,1,5105657876
7977,3,5106219716
7978,4,5108492357
7979,1,5108979255
7980,1,5109133367
7981,1,5109823352
7982,1,5111619652
7983,3,5111945444
7984,2,5112510951
7985,1,5112941782
7986,0,5114433616
7987,3,5114747489
7988,3,5115399809
7989,1,5115676024
7990,1,5116270132
7991,0,5116326202
7992,1,5116595581
7993,3,5116763296
7994,0,5117898888
7995,1,5120545225
7996,1,5122479704
7997,4,5124442235
7998,1,5125030209
7999,4,5125473465
8000,2,5128092924
8001,2,5129839337
8002,4,5130615326
8003,2,5132636288
8004,4,5132709459
8005,3,5132798634
8006,0,5133234797
8007,2,5133650474
8008,1,5135795086
8009,4,5135811364
8010,3,5136889357
8011,1,5137007550
8012,1,5137694379
8013,1,5139352283
8014,2,5140414408
8015,3,5140779194
8016,1,5142486576
8017,4,5142613125
8018,0,5143218617
8019,4,5143272830
8020,1,5143713255
8021,3,5144515011
8022,1,5145170727
8023,1,5145190760
8024,2,5146453793
8025,4,5146454035
8026,3,5150357605
8027,0,5150638361
8028,1,5152059411
8029,3,5154740904
8030,3,5155365853
8031,1,5156796792
8032,3,5156796943
8033,3,5156882644
8034,0,5158105275
8035,0,5158771653
8036,2,5159498284
8037,0,5159876833
8038,3,5160402956
8039,3,5160435658
8040,1,5162173591
8041,0,5162289421
8042,2,5162347658
8043,1,5162574813
8044,1,5163363747
8045,4,5164044744
8046,3,5164923812
8047,3,5166336702
8048,2,5167032618
8049,4,5167194583
8050,1,5167700078
8051,1,5167862929
8052,3,5169153430
8053,4,5171153863
8054,3,5171599000
8055,1,5172600846
8056,1,5175911197
8057,2,5177257819
8058,4,5178506125
8059,3,5179905093
8060,4,5183303125
8061,1,5183636771
8062,4,5184541780
8063,0,5185471271
8064,1,5186197539
8065,0,5186914170
8066,1,5188163789
8067,1,5189460726
8068,0,5189944532
8069,4,5190094797
8070,4,5190205099
8071,1,5191577822
8072,3,5191732150
8073,3,5193311988
8074,3,5193479629
8075,4,5194148433
8076,3,5196253717
8077,3,5197536118
8078,1,5199000720
8079,0,5199330583
8080,1,5199933511
8081,1,5201876358
8082,3,5202944735
8083,1,5202947694
8084,4,5203428860
8085,0,5207112004
8086,3,5207411397
8087,2,5207538960
8088,0,5209391446
8089,4,5209898746
8090,1,5210357904
8091,3,5211563403
8092,3,5211578693
8093,2,5212897870
8094,2,5213664048
8095,0,5213950502
8096,3,5215721595
8097,2,5216513256
8098,1,5216586037
8099,3,5218209469
8100,4,5218956893
8101,3,5219804009
8102,0,5220115444
8103,1,5220534342
8104,4,5221465663
8105,3,5222171058
8106,1,5225076614
8107,4,5225086240
8108,4,5225321379
8109,3,5226869623
8110,3,5227632008
8111,0,5229238110
8112,1,5229602068
8113,3,5229763081
8114,0,5229905939
8115,3,5232285201
8116,3,5232392209
8117,3,5232954630
8118,1,5233150922
8119,3,5233150976
8120,1,5233696996
8121,2,5235108646
8122,3,5235375125
8123,0,5235935704
8124,1,5237938186
8125,1,5238874783
8126,1,5239529575
8127,0,5239695517
8128,0,5240036955
8129,0,5241009069
8130,4,5241759104
8131,1,5244389744
8132,3,5246015495
8133,2,5246973055
8134,4,5247264654
8135,4,5247708510
8136,1,5248082948
8137,0,5248083579
8138,3,5248994833
8139,3,5249847521
8140,0,5250196375
8141,2,5250443866
8142,4,5251423301
8143,2,5251500401
8144,3,5252191675
8145,1,5252833711
8146,1,5254081050
8147,0,5255289924
8148,3,5255449812
8149,3,5255763197
8150,0,5255807790
8151,1,5256510802
8152,3,5257578151
8153,0,5257707482
8154,3,5258999235
8155,4,5259087642
8156,1,5259627722
8157,0,5261190388
8158,0,5262214772
8159,1,5264185290
8160,0,5265082474
8161,0,5266992102
8162,3,5267166839
8163,3,5267239076
8164,1,5267751695
8165,0,5268496596
8166,3,5268577914
8167,3,5269285206
8168,3,5269859669
8169,0,5270199622
8170,3,5271479394
8171,3,5271612514
8172,1,5271901900
8173,1,5274083767
8174,1,5274110152
8175,1,5274401675
8176,0,5275782612
8177,0,5276172686
8178,2,5276292577
8179,0,5276322806
8180,1,5277815761
8181,3,5278593982
8182,1,5279257355
8183,0,5280214861
8184,0,5280447869
8185,1,5281700395
8186,3,5282349207
8187,1,5283510572
8188,4,5283730522
8189,3,5283931567
8190,1,5284400565
8191,1,5285169810
8192,0,5289141347
8193,1,5290312702
8194,3,5290940388
8195,1,5291347592
8196,3,5291432583
8197,2,5291863579
8198,0,5291863987
8199,1,5292929926
8200,2,5294591405
8201,1,5294959156
8202,3,5297653891
8203,4,5297763321
8204,0,5300114896
8205,2,5300826658
8206,4,5302501631
8207,4,5304816517
8208,2,5304832404
8209,3,5305441923
8210,0,5306170291
8211,1,5306403963
8212,1,5307855682
8213,3,5311353251
8214,3,5314510158
8215,3,5314850957
8216,1,5314923492
8217,4,5316311363
8218,1,5318239476
8219,4,5318276237
8220,1,5318745680
8221,0,5320499567
8222,1,5320540935
8223,2,5321685076
8224,0,5322811797
8225,4,5323066950
8226,0,5323871230
8227,0,5324741466
8228,4,5324902378
8229,0,5324909961
8230,4,5325627233
8231,2,5326327176
8232,3,5326329257
8233,2,5326333127
8234,0,5327333277
8235,1,5327619820
8236,4,5332332813
8237,3,5333680885
8238,1,5335228717
8239,1,5335912939
8240,1,5336874677
8241,2,5339017188
8242,3,5339434742
8243,0,5340424830
8244,3,5340930362
8245,1,5341229363
8246,1,5341441025
8247,1,5341676071
8248,0,5341988642
8249,3,5342677292
8250,2,5342677891
8251,1,5342680071
8252,0,5343759100
8253,2,5343858644
8254,0,5346331848
8255,1,5347269796
8256,1,5349665169
8257,2,5351210300
8258,1,5351590581
8259,1,5352780913
8260,0,5353196392
8261,4,5353391065
8262,4,5355391326
8263,3,5355795529
8264,0,5356434191
8265,1,5357052002
8266,2,5357514811
8267,3,5357940190
8268,0,5358979456
8269,2,5359136987
8270,1,5359578139
8271,2,5360006220
8272,0,5360417946
8273,3,5361192337
8274,1,5362488447
8275,4,5362612588
8276,1,5363058780
8277,2,5363452500
8278,3,5364552084
8279,0,5364777428
8280,2,5365388684
8281,0,5365577794
8282,4,5365586606
8283,1,5367608845
8284,3,5368077959
8285,4,5368842713
8286,3,5369620211
8287,3,5369636986
8288,3,5370968837
8289,0,5372899747
8290,3,5373204227
8291,3,5373685265
8292,3,5374325263
8293,2,5377598334
8294,1,5378601657
8295,0,5381365259
8296,0,5383228588
8297,4,5383976801
8298,1,5383984275
8299,3,5384250039
8300,1,5384380735
8301,1,5384576825
8302,0,5384693183
8303,1,5386726463
8304,3,5387354468
8305,4,5387815127
8306,3,5388389307
8307,3,5388776073
8308,1,5389281519
8309,1,5389293063
8310,3,5390747853
8311,2,5390965510
8312,4,5393201015
8313,0,5395125535
8314,0,5395633607
8315,2,5395891283
8316,0,5396970828
8317,4,5397899912
8318,3,5399409779
8319,1,5399668581
8320,1,5400068039
8321,0,5400894464
8322,3,5402127506
8323,0,5403827324
8324,2,5404109604
8325,1,5404494836
8326,0,5406175686
8327,1,5406375972
8328,3,5409774179
8329,3,5409778635
8330,4,5411006455
8331,4,5412756504
8332,3,5413935809
8333,2,5414550621
8334,3,5414929296
8335,0,5415027241
8336,1,5415179046
8337,1,5416638860
8338,4,5416961306
8339,3,5417647002
8340,4,5418395641
8341,1,5421187426
8342,0,5421252574
8343,2,5421883039
8344,3,5422330045
8345,4,5425179239
8346,1,5425936912
8347,4,5426009376
8348,0,5426395214
8349,4,5426723370
8350,0,5427158627
8351,3,5428110763
8352,0,5428456511
8353,3,5429021859
8354,1,5429900560
8355,3,5430220669
8356,0,5431157122
8357,0,5431907914
8358,4,5432067607
8359,3,5432366033
8360,2,5432488047
8361,0,5433450378
8362,1,5434301556
8363,0,5435369755
8364,0,5436009998
8365,1,5436343981
8366,3,5436470573
8367,4,5437153602
8368,3,5437231895
8369,1,5438889392
8370,1,5439986318
8371,3,5440200306
8372,1,5442238729
8373,1,5442802610
8374,1,5443419921
8375,0,5444066998
8376,2,5444068993
8377,1,5444499445
8378,0,5444525822
8379,3,5445826585
8380,1,5447500267
8381,0,5447618584
8382,3,5448310866
8383,1,5449080441
8384,0,5450077119
8385,0,5451130902
8386,1,5451430979
8387,1,5452310915
8388,3,5453051025
8389,1,5453158683
8390,3,5453663134
8391,1,5453830684
8392,3,5455078717
8393,3,5455176003
8394,0,5455863896
8395,4,5457382660
8396,3,5458915421
8397,1,5459600090
8398,3,5459653054
8399,3,5461967799
8400,1,5462379886
8401,3,5466873661
8402,1,5467080799
8403,1,5467487814
8404,4,5467997934
8405,1,5469407060
8406,4,5470041322
8407,1,5471123017
8408,2,5473237717
8409,0,5473429906
8410,3,5474019723
8411,0,5475786281
8412,3,5477172623
8413,0,5478897958
8414,2,5479512806
8415,1,5480140330
8416,0,5481895254
8417,1,5482214195
8418,2,5482681415
8419,2,5483039743
8420,4,5486656456
8421,1,5486723163
8422,1,5486831556
8423,0,5487963023
8424,1,5490921837
8425,1,5491101457
8426,1,5493656821
8427,1,5493877758
8428,4,5495544539
8429,3,5497632610
8430,3,5498611871
8431,3,5499610187
8432,1,5500422933
8433,3,5500493987
8434,0,5501228296
8435,0,5502172906
8436,4,5502395612
8437,0,5503035142
8438,2,5504713064
8439,4,5505834125
8440,2,5507293720
8441,2,5509330595
8442,3,5510439406
8443,2,5513005578
8444,4,5513876749
8445,3,5514553224
8446,3,5515560968
8447,1,5515699507
8448,4,5516412487
8449,3,5516882976
8450,4,5516910243
8451,4,5517073242
8452,1,5517220444
8453,4,5521386080
8454,3,5521814398
8455,2,5522204195
8456,0,5523400081
8457,3,5525935416
8458,2,5525935504
8459,4,5526550705
8460,2,5527463598
8461,2,5528287108
8462,0,5529461667
8463,1,5531779337
8464,4,5533558460
8465,0,5534144728
8466,1,5534254966
8467,1,5536588564
8468,1,5539266376
8469,1,5539965429
8470,3,5541132871
8471,0,5541973573
8472,1,5542309337
8473,4,5543408114
8474,1,5543554659
8475,4,5545534851
8476,0,5545594126
8477,0,5546254433
8478,1,5548275568
8479,4,5548750715
8480,0,5550808710
8481,4,5551516206
8482,1,5552451391
8483,4,5553958395
8484,3,5554688973
8485,3,5556409225
8486,1,5557322354
8487,1,5557426565
8488,3,5560622214
8489,2,5560995547
8490,1,5561667610
8491,0,5563596934
8492,3,5563863588
8493,0,5564596675
8494,3,5566394720
8495,1,5566420494
8496,0,5566944312
8497,0,5567495824
8498,1,5567680842
8499,1,5568077601
8500,3,5570544383
8501,1,5571039417
8502,1,5576896023
8503,3,5578109870
8504,3,5578458877
8505,2,5579068624
8506,1,5579114364
8507,1,5579557318
8508,1,5579761832
8509,0,5579768424
8510,3,5583572651
8511,0,5583956060
8512,2,5584438989
8513,1,5587657929
8514,0,5588067880
8515,2,5589297025
8516,3,5590680075
8517,2,5590797303
8518,3,5590817826
8519,3,5593257418
8520,1,5594115148
8521,1,5595101588
8522,1,5595273026
8523,3,5595440841
8524,4,5595930880
8525,1,5597072014
8526,2,5597425418
8527,1,5597979745
8528,1,5598892567
8529,0,5599384873
8530,1,5599934606
8531,3,5599950310
8532,0,5602472365
8533,0,5604373701
8534,1,5604509317
8535,1,5604514647
8536,2,5605900113
8537,2,5606209648
8538,1,5608835930
8539,0,5608948160
8540,3,5609324457
8541,3,5609360638
8542,0,5609400604
8543,4,5611298355
8544,1,5611443418
8545,3,5611969156
8546,3,5612546845
8547,4,5614065265
8548,3,5615158918
8549,0,5615579606
8550,3,5617392172
8551,1,5618837467
8552,1,5619000391
8553,1,5619482292
8554,3,5621976110
8555,1,5622182755
8556,1,5622667239
8557,4,5623212222
8558,1,5623866424
8559,1,5623982438
8560,1,5624017528
8561,4,5625078626
8562,3,5625430799
8563,0,5625889866
8564,0,5626231410
8565,3,5626739064
8566,0,5626915760
8567,0,5627298945
8568,1,5628107805
8569,4,5628835469
8570,4,5630248883
8571,1,5631023791
8572,3,5631213432
8573,3,5631334298
8574,2,5632179519
8575,0,5633835797
8576,1,5636272570
8577,0,5637428990
8578,3,5639775932
8579,3,5640400563
8580,0,5640632210
8581,0,5640636568
8582,2,5641650814
8583,2,5641781660
8584,0,5641782104
8585,1,5643841730
8586,1,5644856433
8587,2,5644916705
8588,4,5646284734
8589,3,5647651859
8590,1,5647912486
8591,3,5648365393
8592,1,5648393447
8593,1,5649443364
8594,0,5651808796
8595,0,5652844312
8596,1,5652950085
8597,1,5654693818
8598,0,5655100226
8599,1,5655139780
8600,3,5656030115
8601,1,5658135934
8602,3,5659566167
8603,3,5660620898
8604,1,5661860100
8605,1,5662216979
8606,4,5663195784
8607,3,5663566740
8608,3,5664251429
8609,0,5664730598
8610,1,5665021059
8611,4,5665793868
8612,1,5666043334
8613,1,5666427471
8614,1,5667857290
8615,3,5668695807
8616,2,5669637777
8617,0,5674166075
8618,3,5674690326
8619,1,5674902132
8620,3,5675036503
8621,0,5675455579
8622,3,5675490731
8623,1,5675872034
8624,3,5676823345
8625,0,5677379192
8626,1,5677519293
8627,1,5678256143
8628,3,5678556318
8629,4,5681049265
8630,2,5681146111
8631,3,5682453931
8632,3,5683428548
8633,3,5683448525
8634,3,5683809750
8635,0,5687775352
8636,1,5687979837
8637,3,5689346668
8638,2,5690954482
8639,3,5691405912
8640,3,5692482476
8641,1,5693472557
8642,1,5694060124
8643,1,5694349181
8644,4,5694446883
8645,3,5694749492
8646,3,5695495117
8647,0,5695642089
8648,1,5695774216
8649,3,5698183948
8650,3,5698199927
8651,3,5698502691
8652,1,5698521001
8653,0,5698793613
8654,3,5699097839
8655,1,5699881664
8656,2,5700074840
8657,3,5700692284
8658,2,5700704612
8659,4,5700987317
8660,1,5703778289
8661,3,5704158144
8662,0,5704318982
8663,1,5704746930
8664,1,5705731660
8665,1,5705732730
8666,3,5707085709
8667,1,5708655822
8668,4,5709728724
8669,3,5709943867
8670,0,5712025306
8671,2,5712400789
8672,0,5715136845
8673,4,5716224837
8674,3,5716417665
8675,3,5718259533
8676,3,5719759120
8677,3,5720521003
8678,2,5720901506
8679,2,5722327828
8680,1,5723034751
8681,3,5724703152
8682,4,5724734993
8683,3,5724815560
8684,2,5725258243
8685,1,5725525249
8686,2,5726613531
8687,3,5726707163
8688,4,5728186888
8689,3,5728984576
8690,3,5731349491
8691,1,5731686263
8692,1,5732344108
8693,0,5732489282
8694,3,5733834481
8695,3,5734208046
8696,2,5734522047
8697,4,5734948475
8698,0,5735675071
8699,4,5737621514
8700,4,5738287478
8701,1,5738793475
8702,0,5739527568
8703,3,5740964854
8704,3,5741033630
8705,0,5741424028
8706,3,5741498969
8707,4,5742282958
8708,3,5742624781
8709,2,5743222747
8710,1,5744703578
8711,4,5744841052
8712,3,5745557344
8713,0,5745950425
8714,0,5748001394
8715,1,5748558257
8716,4,5748847087
8717,4,5749095888
8718,3,5749212906
8719,1,5750381342
8720,0,5754622357
8721,1,5755388603
8722,3,5757505137
8723,1,5757550923
8724,3,5757868047
8725,4,5759470805
8726,3,5759999805
8727,0,5760370595
8728,1,5760486362
8729,0,5761123096
8730,1,5763338943
8731,4,5765087075
8732,2,5766848600
8733,3,5767000785
8734,1,5767680482
8735,0,5768490745
8736,1,5768490789
8737,1,5769316929
8738,0,5770900122
8739,0,5771958175
8740,3,5773887198
8741,1,5774280336
8742,4,5775450447
8743,1,5776286153
8744,4,5777869966
8745,4,5777959316
8746,0,5780993277
8747,3,5781000898
8748,2,5783328783
8749,1,5784711638
8750,2,5784727913
8751,0,5785542517
8752,0,5788870449
8753,4,5789077680
8754,0,5789145797
8755,2,5790650891
8756,0,5790754037
8757,4,5791100000
8758,3,5792807294
8759,4,5794826619
8760,3,5794959902
8761,1,5795004906
8762,1,5795036627
8763,0,5795946130
8764,0,5796461733
8765,2,5798183353
8766,4,5798724368
8767,0,5799571182
8768,0,5799685832
8769,4,5799951482
8770,4,5802347222
8771,0,5802371765
8772,0,5804900891
8773,3,5805362854
8774,3,5805542777
8775,4,5806719999
8776,4,5807143165
8777,1,5808365200
8778,2,5808902559
8779,0,5809411718
8780,0,5814514059
8781,1,5815632310
8782,2,5815814782
8783,3,5816810043
8784,1,5817143907
8785,2,5818030349
8786,0,5818774713
8787,1,5819112005
8788,1,5819124304
8789,1,5820693430
8790,3,5821337690
8791,3,5822853529
8792,4,5823296024
8793,1,5823383823
8794,1,5824693476
8795,1,5825773143
8796,1,5826170869
8797,1,5826732810
8798,2,5829006259
8799,3,5830978866
8800,1,5831901003
8801,1,5832582225
8802,3,5834103480
8803,2,5835214585
8804,3,5836037654
8805,3,5836498241
8806,0,5837667076
8807,2,5838136956
8808,3,5838282692
8809,1,5839643306
8810,2,5840720337
8811,2,5845454611
8812,3,5846372775
8813,1,5847177309
8814,4,5847434349
8815,0,5849447242
8816,3,5850259225
8817,4,5852515580
8818,4,5853218440
8819,1,5855895622
8820,3,5856767261
8821,0,5856999789
8822,4,5857382623
8823,1,5858330851
8824,3,5859591230
8825,3,5860099552
8826,1,5861033461
8827,1,5861196802
8828,3,5861570759
8829,1,5862222904
8830,2,5863573683
8831,4,5864297843
8832,0,5865314332
8833,3,5865355331
8834,0,5865403147
8835,3,5865890597
8836,1,5866708796
8837,3,5866913449
8838,4,5867329406
8839,0,5867329497
8840,3,5868177664
8841,3,5869351375
8842,1,5869691025
8843,0,5869997987
8844,0,5873039831
8845,0,5873499446
8846,1,5873501685
8847,4,5873561240
8848,4,5874301760
8849,0,5875911669
8850,1,5876380304
8851,4,5877404876
8852,4,5878539721
8853,3,5878859423
8854,1,5879438364
8855,3,5880559327
8856,4,5881059179
8857,1,5881456096
8858,1,5881521377
8859,0,5882516858
8860,2,5883003574
8861,0,5883749716
8862,3,5884063391
8863,0,5884515239
8864,0,5884737928
8865,3,5884803035
8866,3,5886262107
8867,4,5886450385
8868,1,5887892425
8869,2,5889066631
8870,2,5889678404
8871,3,5893392694
8872,4,5895638246
8873,1,5896185593
8874,3,5897272522
8875,1,5901512614
8876,0,5904264393
8877,2,5904298792
8878,2,5904498158
8879,2,5905192965
8880,1,5905330184
8881,3,5905686680
8882,4,5906020236
8883,2,5906304567
8884,3,5906598556
8885,3,5908485321
8886,2,5908656784
8887,2,5910257018
8888,3,5910937027
8889,0,5911819179
8890,3,5912950709
8891,2,5914628868
8892,4,5914730211
8893,2,5914889168
8894,2,5915481641
8895,1,5916673829
8896,1,5917379927
8897,0,5918308677
8898,1,5918317748
8899,1,5919086935
8900,0,5919196599
8901,4,5919996836
8902,3,5920622704
8903,4,5920961813
8904,3,5921166959
8905,3,5921544018
8906,4,5921700546
8907,0,5921922222
8908,3,5922389111
8909,3,5922789166
8910,1,5922927414
8911,3,5923251347
8912,1,5923620118
8913,0,5924436645
8914,1,5924448704
8915,3,5925028568
8916,1,5925198933
8917,3,5925667275
8918,1,5925781437
8919,3,5928047636
8920,3,5928326511
8921,2,5931489619
8922,0,5931689580
8923,0,5931692086
8924,1,5932058532
8925,2,5932271422
8926,3,5932633608
8927,3,5932690673
8928,1,5936480022
8929,3,5936693999
8930,3,5937529809
8931,3,5938006847
8932,1,5939847201
8933,3,5940918991
8934,0,5942225087
8935,2,5942229250
8936,1,5942265693
8937,0,5942324786
8938,2,5944399320
8939,2,5944703725
8940,1,5947198931
8941,4,5948179112
8942,1,5950312015
8943,3,5950415683
8944,0,5951054023
8945,1,5952417375
8946,1,5953341140
8947,2,5953538638
8948,0,5953538911
8949,3,5953971902
8950,0,5954351567
8951,0,5955917762
8952,3,5957175460
8953,3,5959474136
8954,1,5960107429
8955,1,5960488307
8956,4,5961776872
8957,1,5962028683
8958,3,5962562970
8959,3,5963272672
8960,3,5963809115
8961,0,5964316347
8962,1,5964335363
8963,4,5964939416
8964,3,5965089151
8965,1,5967314443
8966,1,5968266199
8967,1,5968643501
8968,1,5968740321
8969,3,5968740796
8970,4,5968982142
8971,4,5969810107
8972,1,5970514214
8973,3,5971071124
8974,1,5971076248
8975,1,5971834081
8976,2,5976163211
8977,4,5976215257
8978,0,5976271115
8979,1,5976271263
8980,1,5976647207
8981,0,5977686900
8982,1,5978506519
8983,1,5981890517
8984,1,5984015325
8985,0,5985116316
8986,2,5985116530
8987,1,5985129184
8988,1,5985137157
8989,3,5985996039
8990,0,5986649975
8991,4,5987164384
8992,3,5987835758
8993,3,5988158975
8994,3,5989366201
8995,1,5989767639
8996,2,5989971187
8997,0,5991042418
8998,0,5992802660
8999,3,5994119360
9000,0,5994762783
9001,0,5995521116
9002,4,5995955077
9003,2,5996190535
9004,4,5996836624
9005,1,5999815268
9006,0,6000202864
9007,3,6000412011
9008,3,6002350652
9009,3,6002721951
9010,4,6002806158
9011,0,6004931500
9012,1,6005239569
9013,0,6005267424
9014,1,6005575592
9015,1,6006736398
9016,1,6007130365
9017,1,6008492516
9018,0,6009041617
9019,4,6009049596
9020,1,6011087002
9021,0,6012063333
9022,2,6012157122
9023,2,6015993430
9024,4,6017542128
9025,4,6019712463
9026,3,6020289241
9027,3,6021482218
9028,2,6023097986
9029,1,6025137843
9030,0,6026160073
9031,4,6026182572
9032,3,6026230934
9033,0,6028078040
9034,3,6028283079
9035,3,6029274296
9036,4,6032960163
9037,3,6033607156
9038,1,6033721231
9039,0,6036285846
9040,1,6037757941
9041,2,6037987352
9042,3,6038200040
9043,4,6038480392
9044,1,6040298971
9045,1,6040643931
9046,0,6041120095
9047,3,6041271310
9048,1,6041809131
9049,3,6043066862
9050,3,6043336999
9051,3,6043580954
9052,4,6043924859
9053,1,6044096344
9054,1,6045251938
9055,0,6045709125
9056,3,6046043470
9057,1,6046601063
9058,1,6047172753
9059,1,6047369985
9060,1,6048427421
9061,1,6048562597
9062,4,6048718541
9063,3,6049107693
9064,1,6049331691
9065,3,6051537037
9066,1,6052509361
9067,4,6053705245
9068,1,6054946385
9069,1,6055568014
9070,3,6058344714
9071,3,6058655469
9072,3,6059413762
9073,2,6060535430
9074,0,6061521866
9075,1,6064496009
9076,1,6064978171
9077,3,6066297438
9078,0,6066314015
9079,1,6066758719
9080,1,6067071545
9081,1,6067537207
9082,1,6070164541
9083,0,6071939680
9084,3,6072389175
9085,0,6072489764
9086,0,6073185173
9087,0,6074485933
9088,0,6075655876
9089,3,6076384090
9090,0,6077962050
9091,3,6079074642
9092,1,6081316238
9093,4,6081566416
9094,4,6081800018
9095,3,6083366892
9096,4,6084091037
9097,3,6086175253
9098,4,6086255267
9099,1,6086483237
9100,1,6087433605
9101,4,6088793072
9102,1,6090619670
9103,1,6091573550
9104,3,6091946307
9105,3,6092648074
9106,1,6093989961
9107,4,6094821149
9108,0,6094902780
9109,0,6095296936
9110,0,6096975603
9111,3,6097441639
9112,0,6097813051
9113,3,6098625779
9114,0,6099022212
9115,2,6099022311
9116,3,6101851325
9117,0,6103623562
9118,3,6103752399
9119,1,6106630386
9120,4,6107337236
9121,1,6109026436
9122,3,6109494710
9123,1,6109797122
9124,0,6111041324
9125,1,6111429051
9126,4,6111996431
9127,1,6113266731
9128,3,6114944173
9129,0,6115716270
9130,0,6115969993
9131,1,6116937901
9132,3,6118312360
9133,1,6119380524
9134,1,6120422387
9135,0,6120601841
9136,2,6121086153
9137,2,6121255899
9138,1,6121463004
9139,1,6121565422
9140,3,6121848086
9141,4,6123760206
9142,0,6124067411
9143,1,6124573318
9144,0,6124673050
9145,1,6124825731
9146,0,6124897458
9147,4,6125730472
9148,4,6126821677
9149,4,6126907789
9150,0,6127164573
9151,2,6127185453
9152,1,6127833002
9153,1,6128233136
9154,4,6128592622
9155,4,6129157373
9156,1,6130517826
9157,0,6130655613
9158,4,6130748272
9159,1,6131620483
9160,2,6132097176
9161,1,6132201477
9162,1,6132931741
9163,4,6133047680
9164,3,6133287111
9165,2,6134621303
9166,0,6135023425
9167,3,6135277710
9168,4,6136229795
9169,4,6137016629
9170,3,6138487104
9171,1,6141968613
9172,4,6142237155
9173,1,6144251494
9174,2,6146143542
9175,1,6147536454
9176,1,6148166549
9177,1,6148460141
9178,1,6149908966
9179,4,6151251784
9180,3,6151441914
9181,1,6151871325
9182,3,6152057273
9183,3,6152433946
9184,0,6152485729
9185,3,6155277503
9186,3,6155498153
9187,1,6155839234
9188,4,6156379624
9189,2,6158466077
9190,4,6160261090
9191,2,6164791673
9192,3,6165038118
9193,3,6166232958
9194,2,6166327936
9195,1,6167409260
9196,1,6167751647
9197,1,6167896042
9198,1,6168334416
9199,1,6168868922
9200,1,6169201237
9201,3,6171307459
9202,1,6171307776
9203,1,6171627484
9204,1,6171731725
9205,3,6174077484
9206,1,6176063298
9207,0,6177134819
9208,3,6177619259
9209,2,6177991501
9210,3,6178759151
9211,1,6178862080
9212,4,6179922654
9213,3,6180875149
9214,1,6181370974
9215,2,6181635293
9216,1,6182998243
9217,3,6183116020
9218,3,6183843288
9219,3,6184780455
9220,3,6184865937
9221,0,6186734827
9222,0,6187096724
9223,3,6187605644
9224,1,6187722487
9225,1,6189424530
9226,3,6189440828
9227,3,6191262384
9228,0,6191738497
9229,2,6191744752
9230,0,6192292710
9231,1,6193381531
9232,4,6194301524
9233,4,6195318933
9234,1,6195487533
9235,3,6196071023
9236,1,6196484553
9237,2,6196700116
9238,2,6199146975
9239,2,6199752848
9240,3,6200034118
9241,0,6200943357
9242,3,6201735100
9243,2,6201799831
9244,3,6201878358
9245,4,6202895147
9246,1,6204719137
9247,0,6205327225
9248,0,6206243829
9249,1,6206491365
9250,1,6207192305
9251,3,6207413592
9252,1,6208839620
9253,1,6210407651
9254,3,6211621589
9255,1,6212269258
9256,1,6212819975
9257,2,6213162152
9258,2,6213414767
9259,4,6215563796
9260,1,6215635487
9261,4,6216971677
9262,3,6217042209
9263,4,6218571963
9264,4,6218794389
9265,0,6219610041
9266,1,6219932902
9267,0,6221237433
9268,2,6221362124
9269,0,6222140228
9270,2,6223677580
9271,4,6225855520
9272,3,6227507747
9273,3,6227933304
9274,3,6229075902
9275,1,6229567925
9276,1,6231543347
9277,3,6232262663
9278,1,6233695226
9279,1,6234291653
9280,3,6234846062
9281,3,6236061056
9282,3,6236405929
9283,4,6236578951
9284,1,6236699781
9285,3,6236957348
9286,1,6237500797
9287,3,6237548575
9288,1,6237818401
9289,0,6238536918
9290,0,6240966542
9291,3,6242464455
9292,1,6243036233
9293,4,6243259665
9294,3,6243658414
9295,1,6246084743
9296,4,6248103593
9297,4,6249829020
9298,3,6249932717
9299,3,6250717525
9300,4,6251044391
9301,3,6251920329
9302,0,6252553406
9303,0,6254336418
9304,1,6255198802
9305,0,6255952542
9306,3,6256491952
9307,3,6257053123
9308,2,6258749805
9309,0,6259371657
9310,1,6259552057
9311,1,6260879263
9312,1,6260913867
9313,0,6262124768
9314,4,6262863389
9315,4,6263162236
9316,4,6264096124
9317,4,6264407525
9318,1,6264572346
9319,1,6266154933
9320,4,6266159099
9321,4,6266960794
9322,1,6266992625
9323,3,6267043281
9324,3,6267733738
9325,0,6268034939
9326,1,6268377567
9327,1,6269874456
9328,0,6270630480
9329,4,6270929916
9330,3,6272842325
9331,3,6273246733
9332,1,6274721204
9333,2,6276882791
9334,1,6276886309
9335,1,6277856162
9336,2,6278054850
9337,3,6278275643
9338,1,6278974492
9339,1,6279033624
9340,1,6282403688
9341,4,6284177998
9342,1,6284531270
9343,0,6285281885
9344,1,6285592063
9345,1,6287756269
9346,2,6289388831
9347,1,6290235865
9348,0,6290485164
9349,0,6290614371
9350,3,6291265459
9351,1,6291444652
9352,1,6292238466
9353,0,6292257756
9354,0,6293001488
9355,3,6293565761
9356,1,6294199379
9357,0,6294415059
9358,3,6296027816
9359,3,6296151300
9360,2,6296310646
9361,2,6296681180
9362,0,6296764813
9363,0,6297818230
9364,0,6297975764
9365,2,6298032520
9366,4,6298551195
9367,3,6298732272
9368,4,6298833101
9369,1,6299083911
9370,4,6299512253
9371,0,6300034722
9372,3,6301723213
9373,1,6302370358
9374,1,6302398114
9375,1,6305274722
9376,4,6305635169
9377,1,6305808720
9378,0,6306431070
9379,3,6306785742
9380,4,6307082701
9381,4,6307555432
9382,3,6308594619
9383,4,6308903562
9384,3,6310104588
9385,3,6311294469
9386,1,6312865292
9387,1,6313686794
9388,3,6313804480
9389,2,6315932811
9390,3,6317101630
9391,3,6317437644
9392,0,6317440315
9393,3,6317687677
9394,1,6318251360
9395,1,6318533889
9396,0,6318811623
9397,4,6318973583
9398,4,6319235722
9399,3,6319305101
9400,0,6319823108
9401,1,6320326555
9402,3,6321111674
9403,4,6321248236
9404,1,6323139527
9405,0,6324264540
9406,1,6326714152
9407,0,6326714356
9408,4,6327103410
9409,0,6328108550
9410,1,6328310438
9411,1,6328844552
9412,0,6330400260
9413,4,6331143230
9414,3,6331550132
9415,1,6331593724
9416,1,6331979385
9417,2,6332643474
9418,1,6335138832
9419,0,6335771988
9420,3,6337009068
9421,0,6337490114
9422,1,6338177882
9423,0,6339571624
9424,3,6340340154
9425,1,6341181651
9426,1,6342849051
9427,1,6344370401
9428,1,6345001847
9429,1,6345106967
9430,3,6345284011
9431,3,6345396549
9432,3,6346922040
9433,4,6347616679
9434,3,6348000274
9435,4,6349004149
9436,0,6350272751
9437,2,6350299550
9438,3,6350567499
9439,1,6350862067
9440,3,6351192774
9441,1,6351470795
9442,1,6353329838
9443,4,6353465324
9444,1,6354983534
9445,2,6355237436
9446,2,6355237862
9447,2,6355239219
9448,1,6355950346
9449,3,6356987407
9450,3,6357079676
9451,1,6357648312
9452,0,6359457418
9453,1,6359478639
9454,1,6359718734
9455,0,6363132526
9456,3,6363536499
9457,3,6365542620
9458,0,6366702405
9459,0,6367246698
9460,1,6368160985
9461,3,6369812241
9462,3,6370006193
9463,1,6371427561
9464,1,6373353175
9465,3,6373933335
9466,3,6373943878
9467,1,6373969942
9468,0,6374169543
9469,2,6374868865
9470,3,6375151046
9471,1,6376311781
9472,3,6378475901
9473,3,6379905550
9474,4,6380665508
9475,1,6381195974
9476,1,6382651326
9477,4,6382779164
9478,3,6382889481
9479,1,6386956276
9480,3,6386956541
9481,1,6386956755
9482,1,6389154882
9483,3,6389843225
9484,1,6390027340
9485,1,6390656817
9486,1,6391522399
9487,0,6392474637
9488,0,6393013082
9489,3,6393078682
9490,0,6393081609
9491,0,6393082326
9492,1,6393316971
9493,3,6394057181
9494,0,6394220998
9495,3,6394342896
9496,1,6395373659
9497,4,6395399756
9498,2,6395579804
9499,4,6398665462
9500,0,6399642863
9501,2,6399647707
9502,0,6399651121
9503,0,6399656724
9504,0,6399659870
9505,3,6400736357
9506,3,6401142747
9507,0,6401638468
9508,1,6403683424
9509,1,6403901261
9510,1,6404868338
9511,2,6405479718
9512,3,6406322520
9513,3,6408450053
9514,4,6408535709
9515,0,6409013203
9516,2,6410046532
9517,3,6410387169
9518,2,6411048150
9519,0,6412545041
9520,3,6412960157
9521,4,6414746182
9522,1,6414972305
9523,1,6415046362
9524,1,6415253141
9525,1,6416352094
9526,4,6416599352
9527,1,6417374425
9528,1,6418716490
9529,4,6418770675
9530,1,6418933541
9531,1,6420949561
9532,4,6423650914
9533,2,6424051999
9534,4,6424608497
9535,3,6425058226
9536,0,6429135553
9537,1,6430690793
9538,3,6431997841
9539,0,6432371602
9540,3,6432379040
9541,2,6432773917
9542,3,6432892253
9543,1,6434092509
9544,1,6434383741
9545,0,6435288889
9546,4,6435536706
9547,0,6435798392
9548,1,6435922415
9549,0,6439599287
9550,3,6440520472
9551,2,6441294285
9552,3,6445103885
9553,1,6445331521
9554,0,6445788622
9555,0,6446585287
9556,1,6447204645
9557,3,6448669191
9558,0,6450913138
9559,3,6452637316
9560,1,6453708076
9561,3,6455429018
9562,2,6458025126
9563,3,6458274367
9564,4,6458922512
9565,1,6460983436
9566,3,6461216825
9567,4,6461376367
9568,1,6461686547
9569,0,6462397786
9570,1,6462959583
9571,1,6464719118
9572,3,6468212310
9573,3,6468791974
9574,4,6468824275
9575,1,6468843460
9576,0,6469164268
9577,4,6469244721
9578,1,6469464291
9579,0,6470336383
9580,0,6470407543
9581,0,6470649456
9582,3,6470711557
9583,0,6472986071
9584,1,6473274897
9585,0,6473521058
9586,3,6473715117
9587,1,6474006852
9588,3,6476100184
9589,0,6476440542
9590,0,6476583283
9591,0,6476618713
9592,2,6476890776
9593,2,6479943966
9594,1,6480142965
9595,4,6484770928
9596,4,6489216006
9597,2,6489508713
9598,3,6490451811
9599,4,6492800531
9600,0,6492862612
9601,2,6493120982
9602,1,6493925696
9603,3,6494944061
9604,3,6497126325
9605,3,6498046707
9606,1,6499522137
9607,3,6501085475
9608,1,6501090548
9609,0,6501643452
9610,3,6502195267
9611,1,6503089714
9612,1,6503261807
9613,3,6503888707
9614,4,6504133080
9615,3,6504795710
9616,1,6506320723
9617,2,6507102551
9618,0,6507471633
9619,3,6509621020
9620,4,6509980235
9621,0,6510168946
9622,0,6510868090
9623,1,6511622569
9624,0,6511995236
9625,4,6512567901
9626,2,6512988197
9627,2,6513410035
9628,1,6514527501
9629,3,6515067600
9630,1,6515078236
9631,3,6515342097
9632,0,6515465988
9633,1,6516171149
9634,2,6516710342
9635,1,6517314018
9636,3,6517500123
9637,1,6519905275
9638,3,6522284372
9639,4,6524804477
9640,3,6524813178
9641,1,6525724674
9642,1,6525779244
9643,3,6527144309
9644,3,6527566851
9645,1,6530486862
9646,1,6531648894
9647,0,6534162746
9648,4,6534483487
9649,1,6535256339
9650,0,6535258358
9651,3,6536315365
9652,3,6536526183
9653,4,6538538453
9654,3,6538600644
9655,4,6539320059
9656,0,6540480057
9657,4,6540906950
9658,3,6541181995
9659,2,6542017250
9660,3,6542067526
9661,0,6543333733
9662,1,6548470825
9663,0,6550135932
9664,1,6550313439
9665,1,6550892767
9666,4,6551327846
9667,0,6551708714
9668,4,6551902617
9669,3,6552371451
9670,1,6556204300
9671,1,6557264646
9672,3,6557268984
9673,3,6557673485
9674,0,6560093840
9675,4,6560848940
9676,3,6561722370
9677,0,6562095682
9678,0,6563805887
9679,3,6564544504
9680,3,6564771373
9681,1,6567864007
9682,2,6568240286
9683,0,6568875797
9684,4,6572036934
9685,3,6573411671
9686,3,6575853547
9687,3,6575917779
9688,1,6580790402
9689,2,6580799496
9690,2,6580951541
9691,1,6582391960
9692,0,6584212253
9693,1,6584342368
9694,3,6584389578
9695,3,6589328247
9696,0,6590204485
9697,0,6591735678
9698,0,6593818249
9699,4,6594115990
9700,2,6594255793
9701,3,6594338878
9702,0,6596933774
9703,1,6597110099
9704,3,6597671697
9705,1,6600099751
9706,1,6600348976
9707,1,6600494491
9708,1,6600630633
9709,1,6601632133
9710,0,6601653624
9711,3,6601809021
9712,1,6603368482
9713,0,6604005569
9714,1,6604539840
9715,3,6605766837
9716,2,6606162548
9717,2,6607333029
9718,1,6608093328
9719,4,6608514812
9720,1,6608616863
9721,0,6608881730
9722,1,6610589728
9723,0,6610634134
9724,3,6610853573
9725,3,6610853655
9726,4,6612448266
9727,1,6614056441
9728,3,6614206465
9729,2,6614518617
9730,0,6614518961
9731,0,6614548314
9732,1,6614548882
9733,0,6614568048
9734,0,6614568159
9735,2,6614572792
9736,2,6615814031
9737,2,6615839830
9738,4,6617928853
9739,3,6621561029
9740,2,6622217140
9741,1,6622783199
9742,1,6622842001
9743,0,6623457714
9744,4,6624730019
9745,4,6626215364
9746,0,6628122617
9747,3,6628407711
9748,0,6628514348
9749,4,6629656069
9750,4,6633429852
9751,0,6634705126
9752,0,6634994844
9753,3,6635883834
9754,2,6636673098
9755,1,6637374157
9756,4,6637704500
9757,0,6639366923
9758,3,6639446077
9759,1,6640112991
9760,0,6641554224
9761,1,6641854665
9762,1,6643156796
9763,3,6643320884
9764,3,6643626372
9765,1,6643891513
9766,1,6645208836
9767,2,6645830894
9768,2,6647136308
9769,0,6647575790
9770,0,6648387655
9771,1,6653038164
9772,4,6654013484
9773,0,6654080810
9774,0,6654972415
9775,0,6655274391
9776,1,6655437626
9777,3,6655864266
9778,3,6656184650
9779,3,6656621460
9780,1,6656825316
9781,0,6657417515
9782,1,6657919402
9783,3,6658340102
9784,3,6658462701
9785,1,6659146785
9786,3,6659264342
9787,1,6661784558
9788,0,6661969056
9789,3,6662122074
9790,4,6663987293
9791,0,6665590236
9792,1,6667100390
9793,1,6667466111
9794,1,6668870786
9795,1,6669495712
9796,3,6669928402
9797,1,6670081950
9798,1,6672703368
9799,2,6673313828
9800,3,6673648476
9801,4,6677519389
9802,3,6678271235
9803,1,6679740105
9804,0,6680604285
9805,0,6682276511
9806,3,6682884704
9807,1,6682887618
9808,3,6683739473
9809,0,6684026087
9810,3,6685578703
9811,1,6686072422
9812,0,6686617601
9813,3,6688416123
9814,0,6688848147
9815,3,6690606145
9816,0,6690627702
9817,0,6692232835
9818,4,6692242781
9819,1,6692721616
9820,0,6693767525
9821,1,6696246933
9822,0,6697553639
9823,1,6701499249
9824,3,6702765791
9825,1,6703293298
9826,4,6703453851
9827,0,6705466610
9828,3,6705529842
9829,4,6706151897
9830,0,6706271869
9831,3,6706831576
9832,3,6711902782
9833,1,6713844408
9834,3,6714059345
9835,1,6714529854
9836,1,6715897958
9837,0,6716123511
9838,4,6716834893
9839,3,6719030548
9840,0,6719524773
9841,4,6719930824
9842,3,6720674012
9843,1,6723199366
9844,1,6723425266
9845,1,6723432222
9846,3,6724619705
9847,0,6724630645
9848,0,6724748757
9849,3,6724796182
9850,3,6725129385
9851,0,6725340880
9852,2,6726063683
9853,1,6726510170
9854,4,6727214505
9855,0,6729626481
9856,0,6729681254
9857,1,6730086095
9858,4,6730326203
9859,3,6730837474
9860,0,6731176031
9861,1,6731793037
9862,0,6732775489
9863,0,6733341283
9864,3,6734110566
9865,1,6734245242
9866,1,6734262433
9867,2,6734562444
9868,3,6736770758
9869,4,6737841055
9870,1,6738956668
9871,3,6739217524
9872,1,6739842994
9873,1,6740204204
9874,1,6740247210
9875,4,6740588693
9876,3,6740816963
9877,0,6741318452
9878,3,6741333439
9879,4,6742532674
9880,1,6743204454
9881,0,6743333338
9882,1,6744215230
9883,1,6751386170
9884,0,6752448945
9885,3,6752942812
9886,3,6753654987
9887,3,6754331990
9888,1,6754355978
9889,0,6754523069
9890,0,6756735626
9891,1,6758685581
9892,2,6758719683
9893,1,6761494771
9894,3,6761930761
9895,3,6761972814
9896,1,6763377900
9897,0,6763728698
9898,1,6764256906
9899,1,6764495809
9900,0,6764799803
9901,0,6764799867
9902,1,6766285369
9903,3,6766873590
9904,2,6767145467
9905,1,6769513422
9906,3,6769962645
9907,1,6770237734
9908,1,6772565437
9909,3,6773272280
9910,1,6774209990
9911,1,6776656080
9912,3,6777230577
9913,3,6777615674
9914,3,6780143758
9915,3,6780219715
9916,2,6782377168
9917,1,6783691885
9918,1,6784948246
9919,1,6785311776
9920,4,6785340536
9921,1,6786394763
9922,1,6786922670
9923,1,6787359839
9924,1,6788063527
9925,4,6788280003
9926,3,6788609325
9927,3,6792289387
9928,1,6792512844
9929,4,6792513467
9930,4,6797027597
9931,4,6797938742
9932,0,6798013491
9933,0,6798730199
9934,1,6799986080
9935,1,6800669760
9936,1,6800669887
9937,3,6800670021
9938,3,6800948101
9939,2,6802186871
9940,1,6802574774
9941,1,6803240099
9942,3,6804750242
9943,3,6804905203
9944,0,6805323134
9945,2,6807510616
9946,3,6808011348
9947,1,6809874374
9948,1,6809875518
9949,0,6810433087
9950,3,6812308989
9951,1,6812418499
9952,2,6812443532
9953,1,6812837143
9954,2,6813445027
9955,1,6813715001
9956,1,6813909768
9957,4,6814968997
9958,3,6815953660
9959,3,6818072745
9960,0,6818694761
9961,1,6818857165
9962,3,6818859364
9963,1,6819859394
9964,3,6821460356
9965,0,6821668637
9966,0,6821842099
9967,1,6823679010
9968,4,6823916777
9969,0,6825380598
9970,2,6826739787
9971,3,6828898975
9972,0,6830018687
9973,3,6830065093
9974,3,6830309833
9975,1,6830871087
9976,3,6831179496
9977,1,6832391149
9978,0,6832889194
9979,3,6833717857
9980,4,6834651546
9981,0,6835214704
9982,1,6835428387
9983,3,6835697082
9984,0,6837066032
9985,3,6837155103
9986,0,6837225631
9987,2,6837619315
9988,3,6837680819
9989,2,6838167895
9990,2,6838169015
9991,2,6838170439
9992,3,6838229504
9993,4,6838741901
9994,1,6839272781
9995,1,6842500926
9996,1,6842952402
9997,2,6844747449
9998,4,6844884163
9999,0,6844929398
10000,1,179815
10001,4,2038727
10002,1,2549962
10003,2,6060268
10004,1,6427327
10005,2,6578977
10006,3,6691074
10007,1,7276637
10008,3,8108914
10009,4,8118537
10010,3,9504963
10011,0,10291242
10012,0,11618091
10013,3,12929656
10014,3,14002264
10015,3,14731197
10016,4,15092437
10017,3,15948254
10018,4,16520222
10019,3,16835881
10020,2,17629980
10021,4,20650077
10022,1,21032441
10023,0,21348925
10024,2,23705828
10025,3,24244313
10026,3,24518591
10027,3,24972494
10028,3,25141303
10029,2,25261044
10030,3,25463049
10031,4,25464758
10032,0,26222735
10033,1,27562884
10034,4,27562923
10035,0,28573474
10036,0,29560412
10037,1,32983142
10038,0,33454565
10039,1,33454666
10040,3,33753603
10041,3,33785913
10042,2,34545612
10043,3,34894597
10044,3,34903409
10045,1,35098007
10046,3,35234636
10047,0,35269079
10048,1,36024729
10049,4,36089532
10050,3,36130955
10051,1,36535973
10052,4,36613845
10053,1,36907112
10054,3,38062637
10055,3,38735214
10056,1,40650014
10057,3,42347532
10058,0,42634373
10059,0,43625806
10060,1,44947782
10061,3,45098857
10062,3,46200227
10063,2,46849955
10064,1,47945969
10065,0,48052642
10066,3,48088602
10067,3,48526086
10068,4,49325373
10069,4,50512709
10070,4,51490842
10071,3,51587772
10072,0,51816317
10073,1,52646419
10074,3,54589729
10075,3,55006629
10076,0,56173134
10077,3,57383974
10078,2,57390484
10079,0,57407945
10080,3,57575009
10081,3,57608864
10082,4,57656996
10083,4,57794215
10084,3,57969963
10085,4,58604416
10086,0,59454845
10087,4,59695663
10088,0,59750555
10089,1,60533568
10090,3,61642459
10091,4,65256056
10092,4,66048292
10093,4,66569559
10094,4,67730272
10095,3,68781477
10096,0,69667051
10097,2,70415301
10098,4,72394240
10099,3,73391589
10100,4,73456747
10101,0,75671287
10102,0,75707112
10103,4,77615701
10104,1,78592156
10105,3,79952972
10106,3,80672841
10107,4,82331101
10108,3,82716130
10109,3,82798268
10110,4,84854941
10111,4,85659155
10112,3,86104773
10113,1,86657314
10114,4,87243899
10115,1,87261267
10116,2,87262349
10117,3,87992112
10118,3,88256498
10119,3,88742823
10120,4,89195706
10121,0,89585742
10122,3,90016432
10123,3,90988338
10124,4,92661455
10125,3,93571670
10126,2,94722402
10127,1,95628853
10128,3,96283250
10129,1,96681125
10130,3,96920680
10131,3,96997569
10132,2,98637235
10133,3,103582283
10134,3,103597536
10135,2,103691607
10136,1,104170790
10137,0,104801294
10138,0,106845590
10139,1,108934341
10140,4,112392749
10141,1,112805385
10142,4,112975223
10143,0,114321743
10144,4,115050423
10145,1,115404822
10146,4,115460069
10147,1,116216700
10148,1,117249813
10149,4,118046261
10150,0,118349181
10151,2,120975627
10152,4,121195433
10153,1,121409578
10154,3,121979514
10155,1,123086524
10156,1,123899112
10157,1,125028878
10158,3,125341207
10159,4,126758500
10160,1,127658487
10161,4,127954222
10162,4,128281192
10163,0,128938733
10164,3,130040995
10165,1,130191527
10166,0,130994172
10167,3,133383687
10168,1,133497761
10169,0,134901111
10170,3,134917143
10171,1,135129586
10172,1,136026320
10173,3,139698147
10174,0,139919343
10175,0,140484230
10176,0,142024541
10177,3,142298267
10178,2,142805080
10179,0,143232445
10180,1,145280916
10181,3,145292054
10182,0,146091025
10183,1,146400275
10184,4,146655755
10185,1,147158346
10186,3,147658155
10187,1,148482730
10188,3,151518170
10189,3,153286885
10190,1,153953540
10191,1,154422683
10192,1,158609202
10193,1,160027908
10194,0,160640658
10195,4,161771669
10196,1,163548089
10197,1,164090729
10198,3,164289347
10199,3,165272867
10200,1,165409371
10201,1,165437333
10202,1,165701913
10203,1,167289857
10204,3,167466607
10205,1,167731278
10206,3,168120081
10207,1,168323568
10208,1,169004887
10209,0,170222683
10210,2,171595374
10211,4,172410517
10212,4,173596868
10213,1,174773213
10214,3,176419859
10215,3,176491591
10216,4,177009374
10217,4,177997339
10218,3,180241174
10219,1,181615351
10220,4,181633503
10221,4,182169630
10222,3,182461761
10223,0,182467565
10224,2,182467819
10225,2,182469311
10226,0,182470898
10227,1,183400644
10228,0,183592035
10229,3,184124372
10230,3,184632049
10231,3,186542394
10232,3,186813948
10233,0,188115695
10234,2,189616184
10235,3,190972994
10236,1,191155593
10237,3,193385103
10238,3,195035725
10239,4,195254295
10240,1,196234931
10241,3,197058711
10242,4,198018897
10243,2,198701486
10244,1,198761494
10245,1,199355050
10246,3,199684736
10247,0,200182718
10248,1,201094444
10249,1,201178228
10250,0,203186680
10251,2,206145415
10252,1,207854454
10253,0,207976516
10254,1,208615356
10255,3,209109743
10256,1,209207936
10257,1,210998872
10258,4,212029436
10259,4,213463889
10260,3,214096224
10261,3,215014540
10262,4,215027249
10263,0,215462062
10264,0,215530730
10265,1,216720842
10266,1,217359776
10267,1,217839062
10268,3,218476395
10269,0,218893598
10270,1,219001145
10271,1,219511081
10272,1,220819939
10273,3,222155233
10274,1,223216792
10275,3,226245412
10276,3,226629106
10277,0,227443213
10278,1,227710750
10279,0,227711401
10280,4,230905597
10281,2,230908394
10282,0,232078784
10283,1,232638629
10284,1,232749416
10285,1,232995351
10286,3,233960387
10287,2,234669436
10288,3,235021706
10289,2,235786222
10290,4,236124861
10291,3,239661572
10292,3,240288111
10293,3,241961602
10294,0,242195892
10295,2,244874886
10296,3,245831137
10297,2,246127376
10298,1,246703533
10299,1,247698937
10300,2,247745172
10301,1,247867027
10302,0,249792536
10303,0,250679800
10304,4,250742513
10305,0,252581884
10306,3,253270346
10307,1,253824014
10308,3,254339842
10309,3,255315740
10310,3,255376996
10311,3,255504483
10312,3,256853043
10313,3,257022677
10314,4,257550024
10315,1,257825868
10316,1,258575543
10317,1,261021126
10318,0,262125530
10319,3,262571850
10320,0,263389752
10321,0,263606170
10322,1,263973325
10323,4,265875495
10324,3,268060947
10325,1,268868245
10326,1,270117031
10327,1,271305761
10328,3,271987390
10329,0,273220201
10330,3,273954908
10331,2,274809308
10332,0,275992015
10333,3,276488949
10334,3,276582475
10335,1,277208367
10336,4,277699721
10337,0,278482205
10338,1,279251981
10339,1,279314518
10340,1,279741813
10341,0,280976948
10342,1,281024538
10343,4,281383461
10344,0,282252898
10345,1,282269229
10346,3,282642511
10347,4,283270693
10348,1,284041888
10349,0,284674269
10350,3,284978282
10351,0,285518794
10352,1,286031071
10353,3,286100400
10354,0,286317476
10355,3,288162570
10356,3,289388088
10357,0,290342801
10358,3,291547008
10359,3,293129877
10360,0,293842048
10361,1,294165564
10362,4,294175831
10363,4,294393358
10364,4,296950728
10365,1,296986002
10366,4,297840351
10367,4,300614458
10368,3,301235422
10369,4,302183502
10370,1,304261273
10371,1,305818208
10372,1,306205140
10373,0,307019748
10374,1,308227351
10375,3,308468815
10376,0,308632544
10377,3,308682207
10378,0,308698884
10379,0,309663120
10380,2,310257564
10381,1,310622526
10382,1,313751191
10383,1,314085233
10384,4,314933179
10385,1,315043061
10386,0,315055770
10387,0,315530286
10388,3,315654413
10389,0,316070039
10390,0,317242153
10391,1,318707023
10392,0,318959372
10393,1,319568165
10394,0,320157325
10395,1,321111404
10396,1,322274207
10397,1,323190262
10398,1,323306710
10399,3,323346605
10400,2,324707583
10401,4,325096478
10402,2,325179426
10403,2,327504182
10404,3,331099858
10405,3,333045798
10406,1,334534044
10407,3,334788396
10408,3,335597051
10409,2,335991198
10410,4,336327783
10411,1,338809238
10412,3,339880066
10413,1,340041801
10414,2,340422320
10415,1,341332949
10416,1,342267919
10417,4,343237212
10418,1,343582017
10419,2,344609109
10420,3,344764763
10421,4,345487831
10422,0,346857283
10423,0,349496835
10424,3,349501071
10425,3,350937706
10426,3,352714974
10427,3,353408840
10428,3,353638412
10429,3,354888979
10430,1,356165068
10431,4,356324000
10432,2,356816334
10433,0,358307418
10434,1,358640482
10435,4,359065513
10436,0,361618261
10437,0,362044301
10438,3,362349691
10439,0,363077529
10440,4,364266881
10441,3,364369156
10442,1,365383128
10443,4,366016698
10444,0,366695911
10445,2,366710348
10446,0,366716328
10447,2,366746798
10448,0,366747948
10449,0,366748352
10450,1,366837489
10451,3,367452469
10452,0,367584913
10453,3,368638822
10454,0,369191411
10455,2,369327348
10456,3,371627395
10457,2,372426059
10458,3,372546831
10459,4,372699677
10460,3,374961284
10461,1,376261228
10462,1,376517617
10463,1,376609917
10464,1,376804249
10465,1,376835646
10466,2,377178680
10467,3,377611963
10468,3,378876839
10469,3,380058392
10470,3,381105781
10471,1,381143641
10472,3,381855368
10473,3,382546787
10474,3,382763900
10475,1,383372936
10476,3,383381586
10477,3,385321139
10478,1,385757770
10479,3,386554862
10480,3,388380848
10481,1,388708004
10482,0,389587996
10483,2,389607305
10484,4,389664963
10485,2,389686593
10486,3,391398287
10487,1,391621523
10488,3,394161799
10489,1,394741981
10490,3,395380145
10491,3,395722175
10492,0,395875784
10493,1,396698126
10494,2,397240442
10495,0,397317271
10496,2,397758468
10497,4,398467033
10498,3,399331449
10499,2,399474530
10500,4,399531381
10501,3,400009280
10502,1,401078393
10503,4,402078087
10504,1,403036961
10505,1,403422279
10506,1,403454828
10507,0,403472534
10508,3,404035251
10509,3,405797175
10510,4,406009639
10511,2,406166961
10512,1,407151542
10513,1,409179864
10514,1,409179906
10515,1,409738600
10516,2,411028559
10517,3,411935989
10518,2,411963014
10519,1,412538290
10520,1,413518151
10521,4,413965208
10522,3,414338532
10523,1,416108324
10524,1,418045294
10525,1,418493128
10526,1,418743420
10527,1,418974500
10528,3,419089081
10529,1,419764433
10530,3,420833780
10531,1,421439578
10532,3,422176747
10533,2,422273205
10534,3,423113574
10535,3,423319538
10536,2,423617495
10537,0,429374101
10538,0,430208764
10539,0,430301718
10540,0,430339307
10541,0,430624424
10542,0,430736973
10543,0,430867283
10544,0,430878481
10545,0,431141684
10546,0,431214485
10547,0,431311362
10548,0,431329737
10549,0,431642351
10550,0,434227135
10551,0,440605749
10552,0,440846804
10553,1,444462699
10554,0,448262873
10555,0,449229576
10556,0,449229638
10557,0,449685632
10558,2,450534689
10559,2,450535698
10560,2,450535770
10561,4,451424981
10562,0,451935135
10563,3,451963663
10564,3,451963690
10565,0,451986024
10566,0,452163844
10567,0,452242098
10568,2,452414032
10569,4,452451210
10570,2,452995211
10571,2,453080040
10572,1,453148205
10573,1,453177316
10574,2,453177436
10575,0,453261052
10576,2,453606025
10577,1,453722519
10578,2,453821445
10579,3,453861582
10580,4,453903418
10581,0,454417439
10582,3,454491040
10583,0,454588417
10584,1,454593244
10585,2,454736139
10586,0,454846383
10587,4,455094810
10588,4,455098285
10589,0,456171757
10590,1,456490449
10591,0,457141169
10592,0,458549499
10593,3,458930407
10594,0,459632022
10595,2,459975542
10596,1,460340612
10597,1,460967298
10598,2,461031780
10599,0,461088834
10600,0,461094837
10601,0,461154268
10602,0,461155884
10603,0,461345905
10604,0,461387476
10605,2,463631157
10606,1,464137388
10607,4,464171168
10608,0,465429798
10609,0,465525467
10610,4,465829877
10611,2,466502973
10612,2,466809875
10613,1,466913175
10614,0,467224657
10615,1,467527528
10616,3,469612514
10617,0,469613354
10618,1,470660469
10619,0,471309679
10620,3,471311316
10621,2,471355799
10622,0,472093494
10623,0,472101764
10624,0,472108989
10625,0,472531276
10626,0,472675870
10627,3,473023581
10628,0,473122215
10629,2,473622381
10630,0,473768514
10631,3,475160396
10632,2,475190526
10633,2,475255764
10634,0,475480873
10635,0,475931769
10636,0,476235646
10637,0,477263756
10638,1,477958624
10639,0,478353127
10640,1,478389874
10641,2,481246372
10642,0,485570394
10643,0,485950031
10644,0,485993058
10645,0,486290804
10646,3,486885528
10647,1,487153637
10648,1,487533295
10649,0,488013938
10650,0,488220035
10651,0,488223555
10652,0,488264261
10653,0,489551798
10654,0,489927712
10655,3,490217503
10656,2,490528085
10657,2,490717432
10658,2,491424728
10659,2,491550540
10660,1,491625469
10661,2,491923969
10662,1,491954383
10663,0,492750907
10664,0,492764309
10665,0,492936528
10666,0,494034392
10667,0,494352604
10668,2,495630944
10669,0,495700140
10670,0,495811882
10671,2,496232900
10672,3,496257559
10673,4,496576025
10674,1,496935287
10675,0,497340246
10676,0,497629933
10677,0,497929432
10678,3,497974284
10679,0,498032290
10680,2,498072508
10681,2,498717389
10682,2,498751031
10683,0,498962392
10684,3,500628129
10685,0,500766263
10686,2,500884126
10687,0,501288979
10688,2,501430463
10689,2,501547136
10690,2,501807766
10691,3,504278891
10692,0,506234745
10693,0,506827666
10694,2,506977977
10695,2,507042275
10696,2,507195138
10697,2,507214600
10698,1,507485229
10699,4,507878834
10700,0,507954047
10701,0,510437465
10702,3,510445556
10703,0,510814046
10704,1,510866655
10705,3,511103986
10706,3,511512184
10707,0,511544391
10708,4,511776110
10709,3,513479727
10710,2,513747579
10711,1,513850448
10712,1,514094382
10713,2,514204361
10714,3,514481176
10715,0,515481251
10716,1,515753254
10717,3,516196585
10718,3,516940480
10719,0,516959874
10720,2,517612331
10721,1,517634999
10722,2,518164777
10723,3,518240155
10724,4,518470081
10725,0,518997213
10726,0,519363776
10727,1,519427447
10728,3,519708457
10729,0,520004217
10730,2,520135573
10731,0,520374097
10732,0,520374165
10733,0,520470308
10734,4,520505280
10735,0,520738362
10736,0,520760992
10737,2,520816616
10738,3,520831154
10739,0,521035087
10740,2,521129044
10741,2,521355925
10742,0,522214731
10743,2,522322373
10744,2,522331777
10745,2,523740110
10746,2,524484213
10747,1,524502406
10748,0,524503393
10749,0,525488954
10750,0,525962838
10751,2,526629889
10752,2,527312753
10753,0,527667353
10754,2,529112225
10755,0,529120101
10756,0,529125418
10757,0,529127840
10758,0,529131962
10759,4,529962971
10760,0,530552703
10761,2,530912626
10762,3,530922219
10763,1,531089998
10764,1,531284859
10765,0,532208286
10766,1,532787386
10767,0,532935110
10768,0,533218326
10769,1,533553910
10770,4,535277452
10771,0,535644274
10772,0,535695056
10773,2,535720685
10774,0,536747053
10775,0,536889740
10776,0,536976333
10777,2,538603274
10778,1,539100648
10779,4,539100728
10780,0,539658263
10781,0,539845148
10782,2,539850844
10783,2,541459127
10784,1,541925827
10785,4,542234667
10786,2,542295145
10787,2,542645935
10788,2,542647707
10789,2,543585691
10790,2,544219281
10791,0,544226293
10792,0,544450438
10793,2,545164572
10794,2,545700105
10795,1,545874875
10796,2,547039631
10797,2,547458710
10798,0,547636413
10799,2,547636754
10800,2,547665550
10801,0,547710805
10802,0,547836869
10803,0,548221168
10804,2,548233644
10805,2,548743446
10806,0,548899108
10807,0,550565398
10808,3,551113126
10809,1,551282785
10810,0,551335101
10811,2,551335128
10812,2,551786141
10813,0,551927954
10814,2,552152242
10815,0,552368276
10816,0,553554294
10817,2,554006350
10818,0,554298333
10819,2,554357032
10820,0,554388277
10821,0,556058449
10822,1,557317275
10823,0,557629652
10824,0,557657536
10825,0,558202817
10826,0,558265859
10827,0,558449210
10828,3,558503162
10829,2,558834461
10830,0,558861930
10831,0,559337846
10832,2,559527844
10833,3,559946530
10834,2,560022635
10835,2,560487374
10836,0,560525178
10837,0,562170548
10838,2,562762447
10839,2,563609258
10840,0,563868434
10841,2,564235160
10842,2,564501445
10843,2,565451256
10844,1,565879696
10845,2,566013702
10846,0,566032270
10847,2,566601979
10848,3,566970091
10849,0,567228643
10850,0,567615932
10851,0,567652359
10852,3,567793007
10853,2,569154963
10854,0,569191261
10855,1,570873213
10856,4,572594355
10857,2,574665749
10858,3,576144374
10859,2,576247868
10860,0,576320771
10861,0,576677652
10862,2,577615898
10863,2,577861510
10864,0,577863853
10865,3,577920584
10866,0,577969255
10867,2,577973341
10868,2,578017518
10869,2,578145240
10870,3,578248748
10871,0,578925764
10872,3,579057845
10873,2,579157588
10874,0,579311385
10875,0,579727412
10876,0,579974436
10877,2,580066974
10878,3,582450986
10879,0,582573359
10880,0,582768258
10881,3,583554647
10882,0,584959506
10883,2,585322742
10884,0,585411488
10885,3,585414895
10886,2,586250653
10887,2,586364360
10888,0,586681506
10889,0,586797412
10890,1,586829433
10891,0,587047388
10892,4,587267027
10893,3,587708484
10894,0,588636484
10895,3,588921277
10896,4,588949544
10897,1,589129874
10898,0,589170083
10899,0,589191228
10900,2,589606373
10901,2,592721681
10902,4,592832936
10903,0,593227249
10904,2,593339653
10905,2,594316620
10906,0,594318115
10907,0,595196185
10908,2,595264243
10909,0,595460872
10910,0,596002646
10911,3,596097970
10912,2,597758883
10913,2,598396625
10914,2,598528110
10915,2,598679648
10916,3,598940807
10917,0,599538392
10918,2,600471984
10919,2,600934139
10920,1,601012666
10921,0,601289228
10922,2,601302832
10923,1,602498414
10924,0,602799848
10925,1,604463601
10926,0,604533074
10927,2,604947622
10928,0,605023156
10929,2,605023732
10930,2,605308746
10931,2,605594978
10932,2,605611728
10933,3,605915920
10934,0,606686480
10935,0,606697641
10936,0,606846978
10937,0,606934400
10938,3,607546965
10939,2,607991772
10940,0,608553756
10941,0,608623497
10942,3,608681038
10943,1,608734267
10944,2,608859315
10945,2,608873501
10946,0,608882102
10947,1,610468233
10948,0,611084814
10949,1,611236419
10950,4,611579076
10951,2,611753156
10952,2,611865271
10953,0,612566320
10954,0,613292422
10955,0,613313432
10956,3,613716142
10957,4,613857610
10958,2,613892460
10959,2,613996568
10960,2,614082219
10961,2,614129145
10962,0,614753371
10963,0,615016838
10964,0,615016877
10965,0,615054614
10966,4,615364764
10967,4,615618791
10968,0,615973470
10969,2,616075146
10970,2,616329689
10971,0,616462809
10972,2,616962102
10973,0,617237533
10974,3,617709380
10975,0,617772789
10976,0,617825045
10977,1,618294710
10978,0,618336472
10979,1,618626752
10980,0,618656853
10981,0,618788128
10982,3,618975726
10983,2,618986768
10984,2,619029633
10985,1,619360393
10986,0,619952144
10987,2,620506723
10988,0,620933142
10989,2,620953292
10990,0,620953384
10991,0,621011915
10992,2,621368741
10993,0,621583353
10994,2,622111741
10995,3,623863045
10996,2,623921124
10997,0,624595813
10998,1,626008347
10999,2,626018184
11000,4,626313858
11001,1,626729250
11002,2,627032994
11003,1,627395041
11004,2,628860137
11005,0,629045464
11006,1,629225331
11007,0,629546790
11008,0,631033022
11009,0,633131573
11010,1,633220848
11011,1,634023515
11012,0,635442233
11013,3,635547541
11014,4,637013164
11015,0,637704334
11016,2,637740788
11017,0,639259838
11018,2,639547732
11019,3,640275871
11020,0,640542239
11021,1,641840866
11022,3,642123441
11023,0,642127576
11024,1,643360009
11025,2,643369119
11026,3,643648478
11027,0,643751706
11028,2,643954354
11029,0,644053809
11030,2,644637987
11031,3,644726639
11032,2,645002950
11033,2,645080130
11034,3,645221881
11035,0,645294342
11036,4,646680607
11037,0,646804355
11038,0,646813817
11039,1,646816843
11040,2,646832909
11041,2,646945479
11042,2,647071726
11043,0,647247950
11044,3,648203404
11045,3,648274163
11046,4,648419594
11047,3,649981093
11048,2,650372416
11049,0,650769271
11050,0,650777799
11051,2,650906554
11052,0,650962012
11053,2,651227739
11054,1,651699930
11055,0,652069664
11056,0,652285933
11057,2,652339328
11058,0,652354683
11059,2,653522293
11060,0,662419007
11061,3,662444525
11062,1,662670856
11063,2,662857388
11064,2,662963488
11065,2,663181792
11066,4,663364904
11067,3,663543498
11068,0,663902575
11069,3,663949386
11070,1,664042820
11071,3,664338757
11072,0,664554656
11073,0,664650076
11074,1,665263170
11075,2,665933473
11076,0,666168533
11077,0,666382362
11078,1,667814269
11079,0,669326779
11080,3,669365916
11081,3,669785520
11082,0,669961602
11083,0,671259270
11084,1,671683353
11085,2,671695122
11086,0,671881822
11087,1,672153599
11088,0,672388160
11089,2,672532323
11090,2,672568906
11091,0,672636193
11092,0,672751486
11093,2,672953246
11094,0,673089898
11095,4,673541252
11096,1,675026269
11097,0,675044344
11098,2,675101309
11099,1,675102178
11100,2,675242640
11101,2,675252118
11102,2,675610666
11103,4,675775320
11104,3,676129896
11105,2,676238588
11106,0,677172854
11107,2,678306490
11108,2,678579591
11109,3,678825160
11110,0,680451650
11111,0,680491530
11112,2,681491257
11113,4,682019899
11114,0,683953763
11115,2,684977520
11116,2,685683287
11117,3,686326025
11118,2,686811530
11119,0,687293548
11120,0,687522664
11121,0,688139118
11122,0,688334461
11123,2,688619099
11124,3,688689558
11125,0,688764376
11126,2,688967780
11127,1,689016577
11128,0,689078612
11129,1,689659895
11130,0,689695305
11131,0,689812081
11132,2,690189761
11133,0,690457253
11134,0,690596272
11135,2,690670392
11136,3,691412175
11137,2,691513029
11138,0,691534797
11139,0,691619276
11140,1,691689503
11141,3,691913181
11142,3,692442646
11143,0,692694445
11144,0,692759341
11145,0,692827320
11146,0,692994720
11147,3,693033537
11148,2,693175353
11149,2,693619254
11150,2,694108476
11151,0,696872631
11152,1,697388062
11153,0,698194057
11154,3,698199794
11155,0,698204087
11156,0,698204287
11157,2,698333930
11158,1,698551248
11159,0,698730611
11160,0,698742035
11161,0,702105569
11162,3,702987392
11163,2,703224810
11164,0,703934498
11165,2,704321959
11166,2,704511098
11167,3,704677091
11168,2,704974965
11169,0,705108834
11170,2,705828421
11171,2,706270670
11172,0,706497834
11173,1,706689372
11174,0,707841122
11175,3,707939190
11176,0,708357995
11177,2,708373275
11178,2,708908959
11179,1,709010312
11180,0,709528411
11181,0,709763511
11182,3,709843561
11183,2,709900791
11184,2,710015636
11185,0,710345018
11186,0,710833672
11187,0,710933569
11188,2,711323423
11189,0,711483479
11190,3,711591021
11191,1,711866393
11192,4,712853894
11193,2,713473755
11194,2,714044307
11195,0,714240807
11196,1,714338558
11197,0,714339445
11198,3,714361395
11199,0,714442238
11200,0,715699699
11201,3,718769288
11202,2,720095942
11203,2,721058319
11204,0,721061367
11205,0,721556738
11206,0,721705811
11207,0,722667942
11208,2,723636539
11209,3,723698103
11210,2,723733266
11211,0,724627492
11212,1,725180445
11213,3,726326009
11214,0,727187908
11215,1,727322396
11216,0,727362490
11217,2,727425566
11218,0,728734784
11219,0,729243238
11220,0,729247238
11221,0,729251691
11222,0,729256909
11223,0,729261637
11224,0,729268787
11225,0,729289418
11226,0,729298357
11227,0,729305188
11228,0,729316767
11229,0,729320302
11230,0,729324884
11231,0,729332235
11232,0,729337548
11233,0,729348712
11234,0,729377402
11235,1,729455288
11236,3,729483910
11237,2,730569408
11238,0,730644570
11239,3,730785678
11240,0,731236465
11241,1,731276347
11242,2,731352859
11243,3,732175308
11244,2,733942481
11245,2,733942505
11246,0,733942769
11247,1,734193096
11248,0,734474333
11249,0,734480680
11250,0,734501146
11251,2,735246396
11252,1,735517352
11253,0,735748971
11254,1,735781301
11255,0,737004040
11256,0,737367734
11257,2,737880171
11258,0,741405343
11259,2,742182809
11260,0,742246370
11261,0,742922463
11262,0,743042858
11263,2,743046214
11264,0,743219237
11265,0,743538754
11266,0,743624408
11267,2,743677022
11268,0,743991090
11269,0,744881412
11270,2,745055775
11271,0,746045055
11272,0,747294666
11273,0,748098751
11274,2,748434264
11275,2,748844387
11276,0,749439622
11277,1,749595325
11278,0,750051077
11279,2,750082173
11280,0,750107516
11281,2,750526263
11282,0,751091507
11283,0,751243869
11284,0,751357237
11285,0,751510269
11286,2,751534323
11287,0,751782760
11288,0,751842075
11289,0,751908834
11290,1,751912480
11291,0,751989853
11292,0,752316008
11293,1,752404439
11294,1,752654221
11295,0,752959598
11296,0,753641283
11297,1,755451043
11298,0,755663063
11299,0,755694897
11300,2,755901148
11301,0,755904845
11302,3,755961926
11303,2,756206871
11304,0,756345329
11305,0,757041594
11306,1,757050135
11307,2,757276554
11308,0,757328214
11309,3,757762119
11310,1,758438126
11311,0,758471841
11312,0,758637548
11313,3,758741004
11314,3,758773498
11315,2,758908501
11316,2,759508299
11317,2,759848706
11318,0,759863179
11319,0,759969666
11320,2,760020538
11321,0,762926893
11322,0,764223689
11323,0,764669094
11324,2,764880993
11325,1,766796685
11326,2,768660618
11327,3,770118600
11328,0,770384786
11329,0,770809147
11330,2,770809450
11331,1,772879220
11332,3,773055471
11333,2,773927796
11334,3,773965678
11335,1,773965740
11336,0,775421758
11337,0,775645874
11338,3,776178182
11339,2,776674044
11340,2,776681079
11341,2,777354749
11342,2,777965329
11343,0,779876479
11344,2,780059232
11345,3,780767906
11346,0,780960303
11347,0,781540694
11348,0,782368382
11349,0,783015862
11350,0,783148131
11351,0,783284446
11352,0,784668695
11353,4,785290276
11354,0,785486694
11355,0,786507353
11356,0,786507803
11357,1,786561608
11358,1,786952286
11359,1,787344188
11360,0,788304334
11361,0,788331042
11362,0,788336971
11363,1,788370669
11364,3,788726817
11365,2,789628820
11366,2,789676199
11367,2,789946583
11368,3,790559525
11369,4,791253149
11370,2,791267674
11371,0,791281630
11372,0,791396862
11373,2,792209268
11374,2,792211811
11375,1,792545838
11376,0,792970631
11377,0,793300852
11378,2,793373517
11379,3,793443631
11380,0,793459772
11381,0,793965718
11382,0,795008441
11383,2,795120152
11384,0,796104823
11385,0,796137001
11386,2,796325855
11387,3,796327020
11388,1,796632968
11389,0,797509809
11390,4,798150007
11391,2,798353026
11392,0,798702259
11393,0,800660211
11394,0,800740914
11395,0,800791539
11396,1,800891573
11397,0,800964118
11398,0,801008980
11399,0,801009484
11400,0,801074691
11401,0,801173867
11402,2,801465373
11403,2,804200973
11404,0,806391348
11405,2,806551598
11406,2,806769116
11407,1,807380010
11408,2,809577746
11409,0,809595659
11410,2,809746068
11411,0,809924444
11412,0,810261560
11413,0,813003345
11414,2,814663791
11415,4,816386746
11416,0,817872453
11417,2,817901832
11418,2,819688413
11419,4,820071859
11420,1,820440873
11421,4,820816147
11422,0,821089787
11423,2,821903046
11424,2,823133565
11425,3,823316757
11426,0,825121922
11427,2,825692379
11428,0,825997346
11429,0,827823673
11430,4,829231978
11431,0,829408245
11432,1,829430855
11433,2,830214993
11434,0,831249122
11435,0,831845688
11436,0,831869139
11437,2,832165731
11438,0,832521196
11439,0,832521334
11440,0,832649497
11441,2,833653650
11442,2,834029544
11443,0,835455031
11444,0,836902751
11445,0,836934917
11446,3,838039880
11447,0,838422549
11448,0,838966605
11449,3,839415252
11450,0,839672420
11451,0,841302127
11452,0,841808479
11453,0,842427220
11454,3,843117980
11455,0,843228128
11456,3,843299048
11457,0,843567672
11458,3,843745714
11459,0,844203911
11460,1,844369354
11461,0,844737165
11462,2,844938640
11463,0,844975076
11464,0,845208852
11465,2,845366963
11466,0,845372675
11467,2,845459066
11468,0,845470358
11469,2,845524433
11470,0,845772208
11471,2,845967908
11472,0,846264352
11473,2,846360545
11474,0,847106378
11475,0,847111844
11476,1,847200977
11477,2,847337176
11478,4,847759487
11479,2,848211772
11480,0,849169065
11481,0,849609577
11482,0,850662683
11483,1,850956809
11484,2,851377166
11485,0,851446408
11486,2,851555712
11487,0,851661440
11488,2,851777072
11489,4,852355249
11490,0,853071514
11491,0,853141879
11492,3,853592218
11493,2,854891625
11494,1,856056793
11495,0,856082548
11496,2,856183394
11497,0,858557930
11498,2,858980378
11499,2,859182308
11500,0,859345642
11501,0,859496854
11502,1,859758458
11503,0,860008167
11504,1,860927590
11505,0,861130137
11506,4,861779277
11507,0,861875490
11508,2,862137146
11509,2,862203848
11510,0,862206617
11511,0,863305446
11512,4,863384184
11513,2,863661690
11514,0,863821743
11515,2,863846639
11516,1,864311028
11517,0,864350981
11518,3,866314146
11519,4,867658763
11520,3,868025202
11521,0,868179973
11522,0,868232970
11523,2,868917682
11524,2,869190515
11525,0,869969174
11526,2,870457587
11527,3,870457720
11528,0,870659554
11529,2,872299444
11530,2,872331442
11531,1,873142581
11532,4,873635716
11533,0,874652171
11534,3,874946832
11535,4,875708433
11536,0,876574731
11537,2,876996341
11538,3,879853739
11539,1,881703047
11540,4,882795756
11541,2,883116429
11542,0,883125959
11543,0,883295261
11544,2,884530222
11545,2,884666078
11546,3,884866413
11547,1,885114899
11548,4,885639288
11549,0,885822877
11550,1,886140697
11551,0,886560386
11552,2,887540206
11553,2,888301401
11554,1,888360469
11555,2,888602239
11556,3,890931153
11557,2,891488077
11558,3,894667832
11559,0,894920202
11560,2,895220790
11561,3,895330524
11562,3,895403576
11563,2,895493360
11564,1,895567219
11565,1,899724755
11566,0,901721696
11567,2,901909475
11568,2,902245740
11569,0,902294532
11570,2,903217953
11571,2,903522491
11572,2,903561176
11573,2,903785129
11574,2,904298045
11575,3,904589947
11576,2,905239023
11577,0,905751350
11578,0,905837495
11579,0,906047929
11580,0,906141452
11581,0,906143239
11582,0,906148136
11583,0,906275675
11584,0,908597334
11585,3,909059754
11586,2,909341700
11587,4,910709370
11588,2,911039449
11589,2,913599874
11590,0,913640810
11591,1,914328308
11592,0,914651697
11593,2,915151468
11594,2,915153076
11595,0,915825220
11596,0,915931643
11597,0,916527132
11598,2,917181826
11599,0,917388741
11600,0,917537116
11601,2,917821786
11602,0,918672994
11603,0,918946696
11604,0,918957135
11605,2,919703922
11606,0,919951455
11607,0,919956293
11608,0,919956640
11609,0,919958205
11610,4,919959898
11611,0,919969158
11612,3,921852889
11613,0,921973011
11614,0,923657217
11615,0,923669946
11616,2,923870130
11617,2,924291089
11618,2,924401962
11619,2,925558222
11620,2,925558286
11621,0,925558945
11622,2,925635092
11623,2,925802951
11624,3,926457489
11625,1,927020403
11626,0,930065897
11627,0,930194643
11628,2,930363139
11629,0,930423185
11630,3,930644210
11631,3,930703207
11632,3,931290780
11633,0,931293174
11634,2,931675631
11635,2,931820155
11636,3,933627137
11637,3,933854082
11638,2,934141936
11639,0,934337181
11640,3,934589576
11641,2,935040228
11642,1,935040977
11643,1,935074708
11644,4,935266060
11645,1,935834051
11646,3,937243966
11647,0,937959117
11648,0,938443398
11649,1,938579179
11650,0,938750107
11651,2,938800235
11652,4,940243259
11653,0,941167746
11654,0,941614763
11655,2,942293678
11656,0,942899521
11657,1,942915997
11658,4,943183142
11659,0,943635921
11660,2,944890719
11661,3,946060368
11662,0,947492944
11663,2,947496003
11664,0,947578807
11665,0,947647690
11666,4,948342286
11667,2,948440127
11668,2,948442302
11669,4,948554380
11670,3,949550487
11671,0,949994481
11672,1,950165717
11673,0,950647967
11674,2,950919515
11675,0,951787640
11676,0,951935189
11677,0,953421683
11678,3,953493339
11679,1,953704066
11680,0,953857386
11681,1,953897238
11682,2,955293835
11683,0,956285679
11684,3,956437344
11685,0,956619632
11686,2,958144859
11687,0,958886046
11688,1,960637812
11689,2,960647511
11690,1,961009975
11691,0,962744717
11692,0,962865792
11693,0,963556229
11694,0,964408370
11695,0,964525583
11696,0,965810677
11697,1,966378957
11698,0,969577904
11699,0,969797557
11700,2,970515770
11701,2,971256651
11702,2,972407172
11703,0,972680488
11704,0,973025287
11705,3,973034517
11706,3,973283694
11707,0,974008171
11708,0,974261544
11709,2,974804797
11710,0,975039059
11711,0,975248698
11712,3,975411676
11713,3,975509670
11714,1,975669880
11715,0,975894367
11716,0,976014412
11717,4,976049345
11718,0,976447021
11719,3,976637896
11720,0,976664006
11721,1,977074334
11722,0,977381994
11723,0,977388704
11724,1,978250563
11725,3,978902762
11726,0,979196538
11727,1,979457151
11728,0,979472645
11729,0,979545618
11730,0,979704898
11731,0,979877733
11732,0,979912542
11733,0,979916298
11734,4,980842913
11735,0,981926219
11736,1,981938385
11737,0,982351562
11738,0,982680506
11739,1,982681460
11740,1,982683393
11741,0,982687460
11742,0,982688387
11743,0,982997492
11744,0,982998193
11745,0,982998325
11746,1,983006709
11747,1,983238638
11748,0,983309049
11749,1,983361957
11750,1,983417743
11751,1,983463357
11752,3,983519212
11753,1,983600344
11754,0,983652172
11755,2,984065233
11756,1,984111360
11757,0,984154870
11758,1,985043146
11759,0,985322280
11760,0,985690507
11761,0,985904802
11762,2,986717368
11763,1,986779680
11764,0,987263609
11765,0,987357386
11766,1,987420796
11767,2,988168638
11768,3,988995196
11769,3,989005579
11770,0,989450568
11771,0,989811212
11772,2,990194667
11773,1,990957799
11774,0,991053092
11775,0,991165194
11776,2,991608387
11777,0,991612451
11778,2,992915300
11779,2,993282926
11780,0,993536191
11781,0,993657019
11782,0,993732678
11783,2,994411252
11784,3,995668636
11785,1,996229293
11786,0,996648331
11787,2,996997498
11788,1,997162317
11789,2,997268914
11790,2,997731295
11791,0,997819015
11792,2,997999185
11793,0,998766898
11794,0,999027546
11795,2,999067160
11796,4,999335965
11797,2,999942417
11798,2,1000169366
11799,2,1000206578
11800,0,1000331449
11801,2,1000917933
11802,3,1000948170
11803,2,1001025832
11804,4,1001361822
11805,0,1001535027
11806,3,1001906090
11807,0,1002524840
11808,2,1003007400
11809,0,1003013020
11810,0,1003051537
11811,0,1003772858
11812,2,1004534059
11813,0,1004820290
11814,0,1006033117
11815,0,1006513183
11816,0,1006743511
11817,2,1008714006
11818,1,1008739795
11819,2,1010609812
11820,2,1010783518
11821,0,1011983215
11822,0,1011988567
11823,3,1013137779
11824,0,1013235932
11825,0,1013372637
11826,0,1014575692
11827,1,1016521760
11828,3,1019223924
11829,3,1019434613
11830,3,1019853850
11831,3,1020076729
11832,0,1020493549
11833,2,1021784676
11834,2,1022200554
11835,2,1023119399
11836,1,1023790496
11837,1,1024582685
11838,0,1024583722
11839,2,1024668068
11840,0,1024676898
11841,0,1024847237
11842,0,1024847786
11843,0,1025189949
11844,3,1026157196
11845,0,1026577842
11846,2,1029289273
11847,3,1030180448
11848,4,1032478984
11849,0,1032783787
11850,2,1032838508
11851,1,1033022051
11852,2,1033048685
11853,0,1033576439
11854,1,1033800790
11855,1,1036224007
11856,0,1037380304
11857,2,1037556949
11858,0,1038068892
11859,4,1038230925
11860,0,1038386094
11861,0,1039644411
11862,2,1042304626
11863,4,1042310697
11864,0,1042406847
11865,0,1042903265
11866,1,1043604632
11867,3,1044314199
11868,0,1044838612
11869,1,1044843737
11870,1,1045532996
11871,2,1049052465
11872,3,1049212093
11873,3,1049722019
11874,2,1050487204
11875,0,1051438014
11876,2,1051617973
11877,1,1051727310
11878,0,1052479273
11879,2,1052584802
11880,4,1054902613
11881,0,1055072015
11882,2,1055574005
11883,0,1055885191
11884,0,1055885260
11885,2,1055885445
11886,0,1056325716
11887,0,1057790783
11888,2,1058580855
11889,2,1058703147
11890,1,1059038497
11891,2,1061666350
11892,4,1063160204
11893,0,1063489409
11894,4,1065014203
11895,0,1066668477
11896,0,1066891231
11897,0,1067396657
11898,1,1068379337
11899,1,1069234530
11900,4,1071076492
11901,3,1073463248
11902,1,1074966492
11903,3,1075247942
11904,0,1075325641
11905,3,1076757795
11906,0,1076991342
11907,0,1077132758
11908,0,1077760664
11909,0,1078742517
11910,3,1078857384
11911,0,1079039407
11912,3,1079115625
11913,0,1080064300
11914,0,1081139783
11915,1,1082013005
11916,3,1082378368
11917,0,1082589976
11918,2,1082816030
11919,2,1082821125
11920,0,1083725162
11921,1,1083740163
11922,2,1083757265
11923,0,1084022734
11924,2,1085262838
11925,0,1085296685
11926,0,1085615509
11927,0,1090288094
11928,1,1091480973
11929,0,1092113983
11930,0,1092786001
11931,2,1092933937
11932,0,1094142837
11933,0,1096195893
11934,3,1098810244
11935,0,1098992754
11936,1,1100199665
11937,0,1100420082
11938,1,1100425885
11939,0,1101049592
11940,1,1101915916
11941,3,1102275149
11942,1,1102458138
11943,3,1103178321
11944,2,1104303314
11945,1,1104568425
11946,1,1105381968
11947,0,1105435244
11948,1,1105771666
11949,1,1105920333
11950,0,1105994636
11951,0,1106687915
11952,0,1106877314
11953,2,1106916915
11954,0,1110030094
11955,0,1110301194
11956,0,1110317687
11957,2,1110335216
11958,2,1110369573
11959,2,1110374993
11960,0,1110874084
11961,3,1110928279
11962,1,1110929118
11963,3,1111007933
11964,2,1111530141
11965,0,1112131310
11966,0,1112764844
11967,2,1113443916
11968,3,1113445499
11969,0,1113911009
11970,2,1114347831
11971,0,1114823406
11972,0,1114902413
11973,2,1114905653
11974,2,1114936114
11975,4,1115125253
11976,0,1115568164
11977,3,1115821057
11978,1,1116201310
11979,0,1116454313
11980,1,1116455358
11981,0,1119072705
11982,2,1119559308
11983,0,1119752816
11984,3,1119752958
11985,0,1119791241
11986,3,1120670468
11987,3,1120969188
11988,1,1121217825
11989,1,1122459469
11990,4,1124235147
11991,0,1124984508
11992,4,1125036823
11993,2,1125462380
11994,3,1125494282
11995,1,1125518917
11996,2,1125758981
11997,2,1126376861
11998,2,1126616710
11999,2,1127247741
12000,1,1127324271
12001,2,1127451429
12002,0,1127665630
12003,2,1127672801
12004,2,1127881498
12005,0,1128338709
12006,0,1128339367
12007,0,1128743073
12008,0,1128752599
12009,2,1128831966
12010,2,1128845960
12011,0,1128967775
12012,0,1129001670
12013,2,1129118620
12014,2,1129130762
12015,4,1129402179
12016,0,1130678464
12017,2,1131225975
12018,0,1131859032
12019,0,1132982263
12020,2,1133052923
12021,1,1133812263
12022,0,1133917430
12023,0,1134243952
12024,0,1134763014
12025,0,1134862813
12026,1,1135829132
12027,1,1136967950
12028,1,1137319627
12029,4,1137898703
12030,2,1138344498
12031,1,1138755763
12032,2,1139625070
12033,0,1139975133
12034,2,1140078100
12035,2,1140092472
12036,2,1140108207
12037,2,1140120984
12038,1,1140361714
12039,2,1140948676
12040,0,1141424577
12041,1,1141449683
12042,0,1141990185
12043,4,1142242713
12044,0,1143058730
12045,4,1144454422
12046,2,1144454724
12047,0,1144495784
12048,2,1144736662
12049,2,1145270201
12050,0,1145944662
12051,1,1147117659
12052,0,1147119588
12053,3,1147145405
12054,1,1148309587
12055,0,1148314155
12056,1,1148543518
12057,3,1148892670
12058,4,1148999770
12059,0,1149629973
12060,1,1149989791
12061,0,1151949278
12062,2,1153764011
12063,3,1153861479
12064,2,1155352006
12065,0,1155426574
12066,1,1155902029
12067,4,1155909148
12068,2,1157685961
12069,0,1158323378
12070,0,1158387555
12071,0,1158401192
12072,3,1159650290
12073,1,1159658685
12074,0,1161064556
12075,2,1161495415
12076,0,1161539115
12077,0,1161779212
12078,0,1162406812
12079,0,1165330203
12080,1,1165838805
12081,0,1166896082
12082,0,1167576669
12083,2,1167595318
12084,0,1167623911
12085,0,1169116071
12086,0,1170193774
12087,1,1171666271
12088,4,1172796109
12089,3,1173391970
12090,0,1173950189
12091,1,1174056046
12092,0,1175215213
12093,1,1176788445
12094,0,1176872470
12095,0,1176886669
12096,0,1176897300
12097,4,1176915873
12098,2,1176923758
12099,0,1176974638
12100,0,1176980799
12101,0,1178837923
12102,0,1178858100
12103,1,1179901453
12104,2,1182237931
12105,2,1183690706
12106,2,1184165797
12107,1,1186647223
12108,3,1186870351
12109,2,1188804652
12110,0,1188971206
12111,3,1188987291
12112,0,1190721310
12113,1,1190862184
12114,2,1191144276
12115,2,1191604033
12116,2,1192134869
12117,0,1192135136
12118,0,1192368969
12119,0,1192945974
12120,1,1193983830
12121,1,1194177032
12122,0,1195663795
12123,2,1196279581
12124,0,1196619843
12125,0,1196666620
12126,0,1196867753
12127,0,1196870880
12128,1,1197544614
12129,0,1197828764
12130,2,1198608821
12131,3,1198676663
12132,0,1200486424
12133,4,1200885146
12134,3,1201168973
12135,3,1202610258
12136,0,1202955584
12137,0,1203018567
12138,3,1204148579
12139,2,1204332606
12140,0,1204463078
12141,0,1206855213
12142,0,1207278399
12143,2,1207368096
12144,2,1208060713
12145,2,1208063285
12146,0,1208064216
12147,2,1208202196
12148,0,1208459023
12149,2,1209599012
12150,3,1209744839
12151,0,1210270617
12152,2,1210444382
12153,2,1210580946
12154,0,1210708535
12155,0,1211306877
12156,2,1212046454
12157,0,1212326823
12158,0,1212484211
12159,1,1212726560
12160,0,1212770958
12161,0,1212826024
12162,4,1213277134
12163,0,1213487930
12164,4,1214427303
12165,1,1214859600
12166,1,1215070052
12167,1,1215216990
12168,2,1216880452
12169,2,1217200630
12170,3,1217534364
12171,0,1218671102
12172,1,1218868002
12173,2,1219034676
12174,2,1219221603
12175,1,1219554799
12176,4,1219786651
12177,0,1220795282
12178,2,1220811190
12179,0,1221202379
12180,0,1221655861
12181,0,1221791766
12182,1,1222436014
12183,3,1222624770
12184,0,1222660263
12185,1,1222700155
12186,3,1223162953
12187,3,1223371437
12188,2,1223803567
12189,2,1224041688
12190,2,1224062678
12191,0,1225297398
12192,2,1225312089
12193,0,1225758788
12194,1,1226196124
12195,2,1226313934
12196,2,1226369869
12197,0,1227925870
12198,2,1228312326
12199,2,1228597505
12200,1,1228861090
12201,2,1229052412
12202,1,1229716958
12203,2,1230759557
12204,1,1232109516
12205,1,1233638826
12206,3,1234261637
12207,2,1234465802
12208,2,1234881274
12209,0,1235011380
12210,3,1235638560
12211,3,1236742554
12212,0,1236998790
12213,4,1237089707
12214,0,1237657538
12215,0,1237857478
12216,3,1239438337
12217,1,1240619729
12218,1,1241048113
12219,0,1241577365
12220,2,1242086738
12221,0,1243079298
12222,2,1243381024
12223,1,1243401335
12224,2,1243774124
12225,4,1244357437
12226,4,1244363745
12227,0,1244395238
12228,2,1244445175
12229,0,1244445410
12230,3,1244634548
12231,2,1244656093
12232,0,1245139756
12233,2,1246285789
12234,3,1246317684
12235,3,1246319076
12236,2,1246375227
12237,4,1246959003
12238,0,1247430657
12239,2,1247755288
12240,3,1248190353
12241,0,1248475458
12242,0,1248515943
12243,0,1248883051
12244,0,1249062479
12245,0,1249159552
12246,0,1249534437
12247,0,1250059544
12248,0,1250074253
12249,0,1250144166
12250,0,1250521562
12251,2,1251777496
12252,1,1253478813
12253,3,1254136063
12254,0,1254902359
12255,1,1255038560
12256,2,1256336613
12257,0,1256342808
12258,2,1257284717
12259,3,1257399944
12260,0,1257734391
12261,3,1257925140
12262,1,1258293039
12263,2,1259124982
12264,0,1259517129
12265,1,1260034224
12266,1,1260411580
12267,3,1260555898
12268,2,1260604760
12269,2,1261016940
12270,1,1261421017
12271,4,1261590438
12272,0,1261713588
12273,0,1262611481
12274,0,1262918314
12275,0,1262925437
12276,2,1263111365
12277,2,1263152636
12278,2,1263156106
12279,2,1263156353
12280,0,1263964968
12281,3,1264381457
12282,2,1264456121
12283,2,1264505242
12284,2,1264521325
12285,0,1264745247
12286,0,1264934649
12287,0,1264954483
12288,0,1265095763
12289,3,1265136364
12290,0,1265152551
12291,0,1265362976
12292,2,1267840945
12293,3,1267963140
12294,0,1270236477
12295,0,1271424107
12296,0,1271918545
12297,1,1274682421
12298,2,1275484102
12299,2,1276426107
12300,0,1276935344
12301,3,1277451980
12302,3,1278554644
12303,1,1279104373
12304,2,1279347521
12305,1,1279613965
12306,2,1282668685
12307,0,1282867434
12308,0,1282871975
12309,2,1283369814
12310,0,1283700663
12311,0,1283721463
12312,0,1284964004
12313,1,1285423045
12314,0,1285928011
12315,0,1286170791
12316,2,1286325030
12317,0,1286378992
12318,0,1287335032
12319,2,1287393028
12320,3,1287494928
12321,2,1287769156
12322,3,1288048805
12323,2,1288174477
12324,2,1288181357
12325,2,1288486146
12326,3,1288790426
12327,3,1288833270
12328,1,1289117939
12329,2,1289158295
12330,2,1289632865
12331,0,1289743893
12332,3,1290218282
12333,3,1290844578
12334,2,1291595836
12335,0,1291701333
12336,0,1293686496
12337,0,1294225543
12338,2,1294580556
12339,0,1294650434
12340,0,1294668879
12341,3,1294698908
12342,2,1294720527
12343,2,1294748059
12344,0,1294924314
12345,1,1295276187
12346,0,1296621065
12347,1,1296820152
12348,2,1297159257
12349,0,1297319036
12350,2,1297568687
12351,0,1297575525
12352,1,1298153913
12353,2,1298394410
12354,0,1298519376
12355,0,1298520140
12356,0,1299436624
12357,0,1299684628
12358,0,1299915763
12359,1,1300285881
12360,0,1300529322
12361,2,1300709442
12362,0,1301097320
12363,4,1301803879
12364,0,1303402526
12365,1,1303423408
12366,0,1303625872
12367,0,1304510636
12368,2,1305854573
12369,2,1305978456
12370,2,1306272013
12371,0,1306374472
12372,0,1306386323
12373,2,1306452808
12374,4,1307197839
12375,0,1308835487
12376,2,1308871733
12377,1,1309033396
12378,2,1309177390
12379,0,1309310557
12380,0,1309346999
12381,0,1309634571
12382,0,1311285297
12383,0,1311590772
12384,3,1312142814
12385,1,1313790319
12386,3,1313995766
12387,0,1314743916
12388,2,1315033359
12389,4,1315083732
12390,0,1315886844
12391,0,1316111957
12392,4,1316160462
12393,0,1319487384
12394,0,1319570813
12395,0,1320043765
12396,3,1320478865
12397,3,1320505103
12398,1,1320662139
12399,2,1320664503
12400,2,1322226840
12401,2,1322362592
12402,3,1322368668
12403,0,1322784273
12404,4,1322998868
12405,2,1323018901
12406,0,1323020866
12407,3,1323811242
12408,1,1324297114
12409,0,1324434743
12410,0,1325993977
12411,2,1327206728
12412,0,1327548428
12413,0,1327687730
12414,4,1327749343
12415,2,1328456546
12416,2,1328547452
12417,4,1328812098
12418,3,1329177923
12419,4,1329607624
12420,3,1329909946
12421,0,1329984223
12422,0,1329990650
12423,2,1329997753
12424,0,1330252291
12425,1,1330546737
12426,0,1331361924
12427,2,1331676992
12428,0,1331783937
12429,0,1332569719
12430,0,1332825791
12431,0,1332892808
12432,0,1332899820
12433,0,1332899900
12434,0,1332981765
12435,0,1333641855
12436,2,1334102239
12437,1,1335274327
12438,0,1335424771
12439,0,1335615147
12440,3,1336257013
12441,0,1336889082
12442,0,1337160494
12443,2,1337552740
12444,2,1337710552
12445,0,1337737432
12446,0,1337757207
12447,2,1338433682
12448,1,1338623896
12449,0,1338765427
12450,0,1339028652
12451,4,1340113683
12452,0,1340210577
12453,0,1340216789
12454,0,1340390969
12455,1,1341006239
12456,2,1341871195
12457,4,1342062379
12458,2,1342562489
12459,1,1342893788
12460,1,1343117513
12461,0,1343119663
12462,2,1343409485
12463,3,1343659635
12464,0,1343742341
12465,2,1345464714
12466,2,1347024378
12467,0,1348460610
12468,0,1349026037
12469,0,1351767537
12470,2,1353207853
12471,2,1353565479
12472,1,1353607339
12473,0,1353785840
12474,0,1353786597
12475,3,1353939657
12476,1,1354520036
12477,1,1354604171
12478,0,1355421839
12479,3,1356358246
12480,3,1356558782
12481,0,1356722032
12482,0,1356758839
12483,0,1357244976
12484,0,1357269734
12485,4,1358367312
12486,2,1358430527
12487,2,1358483171
12488,0,1359117515
12489,0,1359185440
12490,2,1359485982
12491,0,1360871504
12492,4,1361171778
12493,0,1361175831
12494,2,1361333577
12495,2,1361449150
12496,0,1362029295
12497,2,1362052345
12498,3,1362190995
12499,2,1362391984
12500,2,1363258299
12501,1,1365042457
12502,1,1365196151
12503,2,1365484028
12504,0,1367000391
12505,0,1367049438
12506,2,1367227615
12507,0,1367256623
12508,0,1369194321
12509,0,1369412859
12510,0,1369976986
12511,0,1370147407
12512,0,1370819534
12513,4,1370851049
12514,0,1372817972
12515,0,1374518034
12516,2,1375708202
12517,0,1375752075
12518,1,1379535073
12519,0,1380026273
12520,0,1381989400
12521,3,1382012632
12522,0,1382817242
12523,0,1382987805
12524,2,1383168968
12525,2,1383473043
12526,3,1385230436
12527,0,1386152218
12528,0,1387324472
12529,2,1387925605
12530,0,1388123730
12531,0,1388553357
12532,1,1388980096
12533,2,1389069438
12534,2,1389968598
12535,0,1389972651
12536,0,1390818487
12537,0,1391571320
12538,2,1392320165
12539,0,1392834160
12540,2,1392837893
12541,0,1392860838
12542,3,1393262150
12543,2,1396935510
12544,2,1399069597
12545,0,1399073929
12546,0,1399666518
12547,1,1399848082
12548,2,1399852925
12549,0,1399887134
12550,0,1400881619
12551,0,1401759968
12552,0,1401983000
12553,0,1403358707
12554,2,1403514195
12555,4,1404015288
12556,0,1404552191
12557,0,1404904092
12558,0,1405345753
12559,1,1405483132
12560,2,1405943192
12561,0,1406516826
12562,0,1407154035
12563,2,1407355286
12564,3,1408238069
12565,4,1410520946
12566,0,1412051865
12567,0,1414746171
12568,3,1415129326
12569,0,1415184038
12570,2,1415186382
12571,2,1415724701
12572,1,1415756725
12573,1,1415831056
12574,0,1416153050
12575,1,1416678038
12576,4,1416775492
12577,3,1417285279
12578,2,1417728554
12579,0,1417792582
12580,2,1417948531
12581,2,1418815653
12582,2,1418816097
12583,2,1418978956
12584,2,1419786631
12585,2,1420026018
12586,0,1420544840
12587,0,1421435391
12588,0,1422061546
12589,3,1422066336
12590,2,1422783319
12591,0,1422866540
12592,2,1423319310
12593,2,1423463097
12594,1,1423483680
12595,0,1423507430
12596,2,1423520646
12597,2,1423540535
12598,0,1423603279
12599,3,1423727357
12600,2,1423770696
12601,0,1424011666
12602,2,1424051863
12603,2,1424182113
12604,3,1424786841
12605,0,1425539073
12606,2,1425595487
12607,2,1425615196
12608,1,1426437837
12609,1,1428577179
12610,3,1428892440
12611,0,1428974005
12612,0,1429387712
12613,0,1429649411
12614,0,1429673462
12615,2,1429806295
12616,2,1430013965
12617,0,1431031124
12618,2,1431703680
12619,3,1432174181
12620,4,1432524204
12621,1,1432890326
12622,3,1432972922
12623,0,1433304544
12624,1,1433725196
12625,3,1434110151
12626,3,1434466694
12627,0,1434654031
12628,0,1434808606
12629,0,1434857620
12630,0,1436178282
12631,0,1436525224
12632,0,1437131997
12633,0,1437747231
12634,0,1437761493
12635,2,1438264257
12636,3,1438613871
12637,0,1438819675
12638,2,1438882489
12639,0,1438985245
12640,1,1439101019
12641,0,1439346415
12642,2,1439375573
12643,0,1440398703
12644,1,1441086049
12645,1,1441474037
12646,4,1441829672
12647,1,1442511737
12648,2,1443097895
12649,4,1444039362
12650,0,1444243612
12651,1,1444761312
12652,0,1445837965
12653,3,1446717251
12654,0,1448103598
12655,0,1448105346
12656,0,1448166823
12657,1,1448312026
12658,0,1448407825
12659,1,1448893672
12660,2,1449375364
12661,0,1449421011
12662,0,1450190324
12663,0,1450190410
12664,0,1450213564
12665,0,1450234354
12666,2,1451658036
12667,0,1452824427
12668,1,1452887643
12669,0,1452979058
12670,0,1453181730
12671,0,1453942055
12672,0,1454402070
12673,3,1454410188
12674,2,1454694843
12675,0,1454821775
12676,3,1454886954
12677,0,1454909899
12678,3,1455210447
12679,2,1455396891
12680,2,1455504026
12681,0,1455580734
12682,3,1456278754
12683,1,1456285366
12684,2,1456762921
12685,2,1456968249
12686,2,1456993109
12687,0,1457169502
12688,0,1457769106
12689,1,1458844806
12690,0,1459094040
12691,2,1459599113
12692,3,1460376585
12693,3,1460736868
12694,0,1460951043
12695,0,1461425215
12696,1,1461688493
12697,0,1461773388
12698,2,1462203324
12699,2,1462246236
12700,2,1462262063
12701,0,1463607434
12702,0,1466854751
12703,0,1468230246
12704,0,1468509114
12705,0,1468955276
12706,2,1469006772
12707,0,1469251503
12708,1,1470549275
12709,2,1471024114
12710,3,1472342128
12711,0,1472577398
12712,1,1472578860
12713,0,1472860115
12714,3,1472930716
12715,0,1473375364
12716,1,1475140799
12717,4,1476396078
12718,0,1477864453
12719,1,1478128121
12720,0,1478625021
12721,1,1478862081
12722,2,1479921199
12723,0,1479993700
12724,0,1480277416
12725,0,1480333346
12726,1,1481440181
12727,1,1483784471
12728,4,1484169394
12729,2,1484715279
12730,0,1485012256
12731,0,1485869240
12732,3,1486346302
12733,0,1488274766
12734,1,1488559770
12735,3,1488560967
12736,0,1488697410
12737,1,1488754219
12738,0,1488967389
12739,2,1489439671
12740,1,1490032488
12741,1,1490962892
12742,3,1491579024
12743,0,1492080071
12744,2,1492778419
12745,0,1493050447
12746,0,1494067437
12747,3,1495618008
12748,0,1498971970
12749,0,1499224715
12750,0,1499508011
12751,4,1499514096
12752,2,1499530059
12753,3,1499657232
12754,0,1500215676
12755,2,1501260290
12756,2,1501468201
12757,2,1501552321
12758,0,1502531980
12759,2,1502793131
12760,3,1502974307
12761,3,1503011545
12762,0,1503032285
12763,0,1503457021
12764,0,1503459499
12765,0,1503459563
12766,1,1503460115
12767,0,1504247024
12768,2,1504300339
12769,2,1504543775
12770,0,1504707747
12771,0,1504724833
12772,4,1504911303
12773,2,1507453370
12774,0,1507637841
12775,2,1507743283
12776,2,1507754141
12777,1,1507808727
12778,2,1507810825
12779,0,1507848873
12780,0,1507858066
12781,3,1509253780
12782,0,1510544062
12783,2,1510609965
12784,0,1510611206
12785,0,1510913763
12786,1,1511289220
12787,0,1511673336
12788,3,1511699044
12789,3,1511778551
12790,3,1511833690
12791,2,1512107750
12792,0,1512516357
12793,0,1512631541
12794,0,1512784578
12795,2,1512796819
12796,0,1512799046
12797,1,1514039008
12798,0,1515595063
12799,2,1515723352
12800,2,1516904409
12801,3,1516964266
12802,0,1517126849
12803,1,1517710370
12804,0,1517993095
12805,0,1519467705
12806,0,1519858432
12807,1,1519915046
12808,0,1520314945
12809,3,1521090089
12810,2,1521602842
12811,3,1523994019
12812,1,1524598719
12813,1,1526785652
12814,4,1526914630
12815,2,1527615160
12816,2,1527967075
12817,0,1528007413
12818,2,1529029977
12819,1,1529749254
12820,0,1529835473
12821,2,1530026728
12822,3,1530045884
12823,2,1530085825
12824,0,1530133860
12825,0,1530155043
12826,2,1530213291
12827,2,1530480125
12828,2,1530695598
12829,2,1530796378
12830,1,1530813932
12831,0,1530862733
12832,1,1530907766
12833,3,1531001742
12834,2,1531020299
12835,2,1531041634
12836,2,1531129087
12837,2,1531194502
12838,1,1531276383
12839,0,1531551347
12840,2,1531719234
12841,0,1531735895
12842,0,1531795648
12843,0,1532009571
12844,2,1532009599
12845,2,1532028903
12846,0,1532815114
12847,1,1532817569
12848,2,1532874758
12849,2,1532966236
12850,0,1532977792
12851,2,1533086701
12852,2,1533101512
12853,2,1533101566
12854,2,1533147011
12855,0,1533267600
12856,0,1533296799
12857,1,1533478367
12858,2,1533691073
12859,2,1533801862
12860,0,1534065427
12861,2,1534076216
12862,3,1534251096
12863,2,1534257869
12864,3,1534392961
12865,1,1534407446
12866,2,1534462182
12867,2,1534569800
12868,3,1534626161
12869,4,1534636455
12870,2,1534847233
12871,0,1534883162
12872,2,1534963593
12873,0,1535294911
12874,0,1535327289
12875,2,1535381367
12876,2,1535390087
12877,0,1535494578
12878,0,1535642869
12879,2,1535698282
12880,0,1535701500
12881,2,1535736121
12882,2,1535911697
12883,1,1536007076
12884,0,1536078595
12885,0,1536118585
12886,2,1536196159
12887,2,1536198436
12888,0,1536408431
12889,2,1536612715
12890,2,1537046119
12891,1,1537052156
12892,0,1537270908
12893,2,1537446167
12894,3,1537472015
12895,0,1537957904
12896,4,1538078265
12897,0,1538133330
12898,2,1538470454
12899,1,1538474686
12900,2,1538495117
12901,2,1538727782
12902,2,1538731495
12903,2,1538778892
12904,2,1538863126
12905,0,1538868266
12906,1,1538934568
12907,3,1539276841
12908,1,1539340620
12909,1,1545866031
12910,0,1551168588
12911,0,1551335546
12912,2,1551408327
12913,2,1551924888
12914,2,1551992402
12915,2,1552457400
12916,0,1552531237
12917,0,1553241243
12918,3,1553394993
12919,0,1553711437
12920,0,1555104575
12921,2,1555150919
12922,0,1555308717
12923,4,1555708633
12924,0,1556344684
12925,2,1556939855
12926,0,1557977775
12927,0,1558319712
12928,0,1558403604
12929,0,1558461831
12930,2,1558709625
12931,2,1559612242
12932,0,1560070377
12933,1,1560246729
12934,1,1560262148
12935,1,1560498295
12936,2,1560770386
12937,4,1561347313
12938,0,1561820240
12939,0,1561882405
12940,3,1561909724
12941,0,1562112571
12942,1,1562197802
12943,0,1562347292
12944,0,1562347742
12945,0,1562378492
12946,1,1563478056
12947,0,1563594449
12948,2,1564197314
12949,0,1564780275
12950,3,1566042756
12951,0,1566511594
12952,4,1566715637
12953,4,1567410411
12954,4,1567899447
12955,0,1568062959
12956,0,1568223242
12957,2,1568236041
12958,0,1569270511
12959,2,1570994023
12960,1,1571080461
12961,4,1571084473
12962,0,1571137748
12963,0,1571177742
12964,0,1571281642
12965,0,1572650192
12966,2,1573164260
12967,4,1574728447
12968,2,1575100783
12969,0,1576060032
12970,3,1577130901
12971,0,1577503057
12972,3,1577614050
12973,2,1577685620
12974,0,1578496738
12975,2,1578604878
12976,2,1578707065
12977,2,1578816963
12978,0,1578854312
12979,2,1579195612
12980,3,1579251130
12981,0,1580057919
12982,4,1580151017
12983,1,1581060183
12984,0,1581250492
12985,0,1581693740
12986,2,1581744000
12987,0,1581850408
12988,2,1581861323
12989,0,1582191103
12990,0,1582204296
12991,2,1582220528
12992,0,1582234460
12993,2,1582256370
12994,2,1582257431
12995,2,1582347346
12996,0,1582392810
12997,0,1582429685
12998,0,1582611514
12999,2,1584531912
13000,2,1586312022
13001,0,1586844313
13002,0,1588098928
13003,3,1588795852
13004,3,1588868007
13005,0,1588953572
13006,0,1588960624
13007,3,1591372351
13008,0,1591393563
13009,2,1591977018
13010,0,1592684646
13011,0,1593021670
13012,0,1593104928
13013,3,1593258632
13014,0,1593923710
13015,1,1594039561
13016,3,1594332362
13017,1,1594838597
13018,1,1595161966
13019,2,1598616671
13020,4,1599021223
13021,2,1600495710
13022,2,1602883460
13023,0,1603021735
13024,2,1603721397
13025,0,1605837103
13026,0,1608547292
13027,0,1609076222
13028,2,1609315304
13029,0,1609618063
13030,1,1609658773
13031,0,1609887182
13032,3,1610309426
13033,0,1610701138
13034,2,1610816532
13035,0,1610889236
13036,4,1610890379
13037,0,1610902009
13038,1,1611184888
13039,0,1613501819
13040,0,1613929089
13041,0,1613932005
13042,3,1614860884
13043,1,1615436484
13044,2,1615690940
13045,0,1616935429
13046,0,1617223719
13047,0,1617691597
13048,0,1618041175
13049,0,1618836495
13050,1,1618928007
13051,1,1620005453
13052,2,1620758600
13053,3,1621045297
13054,3,1621137056
13055,3,1621374578
13056,0,1621489497
13057,0,1621747121
13058,0,1621787920
13059,0,1622203000
13060,0,1622262938
13061,3,1622307959
13062,0,1622397890
13063,1,1625035904
13064,0,1626257353
13065,0,1626472967
13066,0,1628238225
13067,0,1628500344
13068,0,1628578208
13069,0,1628667909
13070,2,1628895481
13071,0,1629072078
13072,4,1629892494
13073,1,1630447543
13074,0,1630773640
13075,0,1631350188
13076,3,1631422530
13077,1,1631443361
13078,3,1631608553
13079,0,1631743507
13080,2,1634137031
13081,4,1634152542
13082,0,1634153365
13083,3,1634244657
13084,0,1634267951
13085,0,1634273818
13086,4,1634559174
13087,2,1634587686
13088,0,1635645230
13089,2,1637041857
13090,3,1637167098
13091,3,1637764423
13092,2,1638268058
13093,4,1638578643
13094,0,1638630820
13095,0,1638828943
13096,0,1644183850
13097,3,1644765454
13098,1,1644938127
13099,3,1645066448
13100,1,1645112192
13101,0,1645306769
13102,3,1646199419
13103,2,1646616315
13104,2,1648792178
13105,2,1648843272
13106,0,1648843300
13107,1,1648942733
13108,0,1648943299
13109,0,1648987489
13110,0,1649409984
13111,3,1649428395
13112,0,1649680210
13113,3,1649734871
13114,2,1650384557
13115,0,1650588594
13116,2,1650716294
13117,3,1651984685
13118,2,1652539700
13119,0,1652549644
13120,2,1653301614
13121,2,1653504960
13122,0,1653515102
13123,1,1655154098
13124,2,1655502325
13125,0,1656422637
13126,0,1657236126
13127,0,1657437009
13128,1,1657572071
13129,1,1657800124
13130,2,1658305572
13131,0,1658958238
13132,2,1659104696
13133,3,1659235024
13134,1,1660149790
13135,0,1660917969
13136,0,1661104146
13137,1,1662114761
13138,0,1662147657
13139,2,1662158341
13140,2,1662158536
13141,2,1662158865
13142,2,1662343336
13143,0,1662360545
13144,1,1663506137
13145,2,1663729652
13146,2,1663730387
13147,2,1663730424
13148,0,1663749649
13149,3,1663827493
13150,1,1665815934
13151,4,1665973754
13152,2,1666525373
13153,2,1666569076
13154,0,1668477295
13155,2,1668512062
13156,0,1668617216
13157,2,1668760706
13158,1,1670171973
13159,0,1671683877
13160,0,1673263707
13161,0,1673683070
13162,0,1674298647
13163,3,1674551961
13164,3,1674676895
13165,0,1674762311
13166,0,1675029421
13167,2,1675386739
13168,2,1676313623
13169,0,1676601895
13170,0,1677219343
13171,0,1678299849
13172,0,1678350092
13173,1,1678485736
13174,0,1678650610
13175,2,1679606367
13176,0,1679747010
13177,2,1680181013
13178,2,1680182411
13179,0,1680585884
13180,2,1680768536
13181,0,1680821674
13182,2,1680822619
13183,1,1680852226
13184,2,1680879333
13185,0,1680936802
13186,2,1680961089
13187,0,1681012407
13188,0,1681041906
13189,2,1681116592
13190,2,1682119092
13191,1,1683711106
13192,0,1684969698
13193,1,1685624802
13194,2,1685698260
13195,0,1685867026
13196,0,1688311451
13197,3,1691755038
13198,3,1692277896
13199,0,1694804191
13200,3,1695572908
13201,0,1696313940
13202,0,1697687704
13203,0,1697737297
13204,2,1698597969
13205,2,1698603537
13206,3,1699163272
13207,4,1699463643
13208,0,1699947316
13209,2,1701007721
13210,3,1701229435
13211,3,1701702145
13212,2,1702405104
13213,0,1702486229
13214,0,1702877158
13215,4,1703406706
13216,2,1704158597
13217,2,1705247866
13218,3,1705842437
13219,0,1706061256
13220,0,1706087144
13221,2,1706438272
13222,1,1706741857
13223,2,1706937852
13224,4,1707019439
13225,0,1707024989
13226,0,1707068905
13227,2,1707632579
13228,2,1707632782
13229,0,1708111050
13230,4,1708239343
13231,4,1708969720
13232,0,1708990188
13233,0,1709072733
13234,2,1710564738
13235,1,1710593900
13236,0,1710894793
13237,1,1711939537
13238,2,1712377279
13239,0,1712377490
13240,1,1712643917
13241,2,1712764420
13242,0,1712873564
13243,0,1713138476
13244,0,1713238316
13245,2,1713331230
13246,3,1713366639
13247,0,1714351514
13248,2,1714656222
13249,2,1715052798
13250,2,1715542893
13251,0,1715556672
13252,2,1716194687
13253,2,1716393073
13254,0,1718344142
13255,2,1718941601
13256,1,1719487506
13257,4,1719546149
13258,0,1719627776
13259,1,1720050180
13260,0,1720343013
13261,2,1720438048
13262,2,1721525767
13263,1,1721672332
13264,2,1721868172
13265,0,1722214265
13266,3,1722457405
13267,1,1722727174
13268,0,1723791013
13269,1,1723957396
13270,0,1723966762
13271,0,1724319378
13272,2,1724330729
13273,3,1724608285
13274,0,1724628127
13275,0,1725379232
13276,2,1725886494
13277,0,1727247529
13278,0,1728018411
13279,1,1728077836
13280,0,1728098921
13281,1,1728126156
13282,1,1730869206
13283,2,1731404574
13284,3,1732084680
13285,2,1732217948
13286,3,1732413767
13287,0,1733003998
13288,0,1734217872
13289,0,1734237692
13290,0,1737584792
13291,2,1738530423
13292,0,1738530616
13293,1,1739338196
13294,0,1740416650
13295,0,1741123337
13296,0,1741144322
13297,0,1741219839
13298,0,1741393495
13299,3,1741393862
13300,4,1741563451
13301,2,1741684813
13302,0,1741832886
13303,0,1742187912
13304,0,1743104748
13305,2,1743117138
13306,3,1743557292
13307,0,1745619290
13308,0,1747317528
13309,2,1747814499
13310,1,1749107639
13311,2,1749175353
13312,1,1749656161
13313,0,1752190277
13314,0,1752211821
13315,3,1752264825
13316,1,1752514647
13317,3,1752728892
13318,2,1752879421
13319,4,1755209972
13320,3,1755598012
13321,0,1755617304
13322,2,1755634564
13323,0,1756391849
13324,0,1756409002
13325,0,1756886925
13326,3,1757445950
13327,0,1760954234
13328,1,1761223357
13329,0,1761269231
13330,2,1761421509
13331,0,1763702698
13332,1,1763715933
13333,1,1764690606
13334,0,1764723319
13335,0,1764887910
13336,0,1764962528
13337,3,1765418363
13338,0,1765523926
13339,0,1765816309
13340,2,1766041353
13341,0,1766418147
13342,3,1766529491
13343,0,1766689811
13344,1,1766724426
13345,3,1766725072
13346,3,1767517198
13347,4,1767649160
13348,0,1767900329
13349,0,1767903564
13350,0,1768816329
13351,1,1768895515
13352,2,1769677850
13353,1,1769679413
13354,2,1769720838
13355,0,1769763496
13356,0,1769982548
13357,0,1769992448
13358,2,1770154665
13359,4,1770159909
13360,0,1770207322
13361,0,1770209066
13362,2,1770286983
13363,3,1770769223
13364,0,1770918908
13365,0,1771069068
13366,1,1771292697
13367,3,1771374478
13368,0,1771385060
13369,0,1772410285
13370,0,1772603556
13371,2,1772866006
13372,2,1772882114
13373,2,1773106912
13374,2,1776509919
13375,3,1779051308
13376,1,1779339310
13377,2,1779818352
13378,3,1779843718
13379,4,1780260308
13380,0,1780688859
13381,2,1782643454
13382,0,1782789620
13383,2,1782802826
13384,1,1782829502
13385,0,1782921528
13386,2,1783207998
13387,2,1783830727
13388,0,1783975548
13389,0,1789412144
13390,1,1789412961
13391,0,1789516347
13392,0,1790201178
13393,3,1790543389
13394,0,1790621103
13395,0,1790631788
13396,0,1792152068
13397,2,1792170514
13398,0,1792585215
13399,0,1792585232
13400,0,1792622571
13401,0,1792655218
13402,2,1793006475
13403,2,1793054714
13404,0,1793063482
13405,0,1793072006
13406,0,1793227146
13407,0,1793368862
13408,0,1793393649
13409,0,1793740281
13410,0,1793819511
13411,1,1793930458
13412,0,1793994501
13413,0,1794255703
13414,0,1794454651
13415,1,1794849285
13416,1,1795509594
13417,2,1795766406
13418,2,1795928850
13419,2,1796999235
13420,1,1797678718
13421,0,1797979580
13422,0,1798064097
13423,3,1799185447
13424,3,1799845564
13425,1,1801024518
13426,3,1801572813
13427,3,1804198657
13428,4,1805707675
13429,3,1805815044
13430,1,1806011050
13431,1,1809844564
13432,0,1810365795
13433,3,1811136497
13434,3,1811137528
13435,3,1811896346
13436,1,1812031550
13437,1,1813043538
13438,4,1813236630
13439,3,1813504390
13440,4,1814017668
13441,4,1814530657
13442,0,1815275245
13443,1,1815301527
13444,1,1816348934
13445,4,1816715991
13446,4,1817087951
13447,4,1817088169
13448,1,1817200580
13449,1,1817232982
13450,1,1817850473
13451,4,1819390092
13452,3,1820854030
13453,0,1822374666
13454,0,1822723352
13455,4,1823184751
13456,4,1823191642
13457,4,1825777292
13458,0,1825778231
13459,2,1826153865
13460,1,1828368216
13461,2,1828757530
13462,4,1828776385
13463,0,1831619222
13464,0,1832186460
13465,3,1832500518
13466,0,1833871054
13467,1,1834202328
13468,1,1834241567
13469,1,1834242104
13470,3,1836204476
13471,4,1837200578
13472,4,1838991900
13473,4,1839153415
13474,4,1840276285
13475,0,1845417680
13476,2,1846298039
13477,1,1849312887
13478,3,1849758070
13479,3,1851388380
13480,0,1853006258
13481,0,1853007733
13482,1,1853229655
13483,4,1853258348
13484,1,1853378770
13485,1,1853542262
13486,1,1854924128
13487,4,1854989955
13488,3,1855213523
13489,3,1855950833
13490,4,1858033505
13491,4,1858335398
13492,1,1860199829
13493,1,1860477222
13494,4,1862362298
13495,1,1862430969
13496,4,1864398760
13497,0,1864483036
13498,2,1865370322
13499,3,1866783812
13500,1,1867139980
13501,3,1867189130
13502,0,1867266026
13503,4,1867508218
13504,0,1869368465
13505,1,1870022424
13506,3,1870762116
13507,1,1871709382
13508,0,1873658327
13509,3,1873924410
13510,3,1874148060
13511,1,1874670572
13512,3,1876183174
13513,3,1878129005
13514,1,1878768056
13515,3,1879030053
13516,4,1879510354
13517,1,1880066311
13518,3,1880415755
13519,0,1880563546
13520,1,1880793046
13521,3,1881120332
13522,3,1881178313
13523,4,1881688406
13524,2,1882821606
13525,3,1883704353
13526,1,1883807417
13527,1,1883816305
13528,3,1884536326
13529,4,1884749822
13530,3,1886746521
13531,3,1887380076
13532,3,1887415092
13533,4,1887460012
13534,2,1888094899
13535,1,1888542145
13536,2,1890541870
13537,0,1890627441
13538,0,1890643812
13539,3,1890663101
13540,1,1890710380
13541,1,1893187525
13542,3,1893353894
13543,3,1897978408
13544,0,1899003606
13545,0,1899915691
13546,4,1901565998
13547,1,1902288469
13548,4,1903145248
13549,0,1903790630
13550,3,1904020877
13551,1,1904242190
13552,4,1905016769
13553,0,1905156153
13554,3,1905275653
13555,0,1905639258
13556,4,1905758218
13557,2,1905943712
13558,4,1907617729
13559,0,1907972940
13560,2,1909960134
13561,4,1910880009
13562,1,1911039597
13563,1,1911863722
13564,4,1913457966
13565,1,1913709751
13566,0,1915079766
13567,1,1915612206
13568,3,1916790494
13569,3,1917371633
13570,3,1917517692
13571,1,1918164605
13572,4,1918234551
13573,3,1919063015
13574,3,1924726729
13575,3,1925823303
13576,4,1925856948
13577,0,1926670152
13578,3,1927094360
13579,1,1927528253
13580,1,1928784225
13581,0,1932426381
13582,4,1933011680
13583,3,1933873892
13584,1,1935212067
13585,4,1935447306
13586,3,1935700495
13587,3,1935939048
13588,4,1937319645
13589,3,1937818604
13590,0,1937911241
13591,3,1939034815
13592,1,1939093735
13593,4,1939752633
13594,0,1940314018
13595,0,1940447306
13596,1,1941381193
13597,4,1941574755
13598,3,1942338252
13599,0,1942761409
13600,4,1942802177
13601,3,1943581276
13602,1,1945470356
13603,0,1946589308
13604,1,1946672660
13605,1,1947727708
13606,0,1949717826
13607,1,1951423548
13608,4,1954901705
13609,4,1955078718
13610,1,1956230466
13611,1,1956643178
13612,0,1956855731
13613,0,1957066749
13614,3,1957329321
13615,1,1957886681
13616,4,1958289448
13617,4,1958291549
13618,1,1958779681
13619,3,1959360210
13620,3,1959504845
13621,4,1959727743
13622,3,1960761654
13623,1,1961439145
13624,3,1961959091
13625,4,1963836166
13626,1,1964215432
13627,1,1968005002
13628,0,1968629041
13629,4,1969584467
13630,1,1969965536
13631,3,1970598272
13632,3,1971064836
13633,2,1971228736
13634,4,1971343028
13635,1,1971593514
13636,1,1971601157
13637,1,1972840444
13638,0,1974525627
13639,1,1975332751
13640,0,1976268085
13641,0,1978256627
13642,2,1980194387
13643,4,1981549766
13644,1,1981566343
13645,0,1981764299
13646,0,1982348317
13647,3,1983297460
13648,0,1983673935
13649,1,1984144636
13650,0,1984714644
13651,1,1985411275
13652,1,1985477163
13653,1,1986024881
13654,1,1986143403
13655,3,1986706719
13656,1,1988824328
13657,4,1990495746
13658,1,1990907122
13659,1,1992290161
13660,3,1994734539
13661,4,1995022786
13662,1,1996259632
13663,0,1996465592
13664,3,1997017023
13665,0,1999105673
13666,2,2000228079
13667,1,2003208742
13668,1,2003210352
13669,3,2003726163
13670,2,2004986226
13671,3,2005117431
13672,2,2006177517
13673,4,2007603631
13674,4,2010492286
13675,0,2011458386
13676,0,2011984648
13677,4,2012328781
13678,2,2012783829
13679,1,2013208741
13680,1,2015011594
13681,3,2015434799
13682,4,2015557754
13683,0,2017542751
13684,1,2017786883
13685,0,2021222894
13686,3,2021648088
13687,3,2025468395
13688,0,2028164849
13689,0,2028223969
13690,2,2029388431
13691,0,2030187701
13692,1,2030392009
13693,1,2030589163
13694,0,2030828846
13695,0,2031519699
13696,3,2032400260
13697,1,2033107312
13698,1,2033337622
13699,2,2033721058
13700,3,2033854871
13701,3,2036368676
13702,1,2036458885
13703,0,2038160422
13704,1,2039469736
13705,3,2039549302
13706,1,2039562687
13707,3,2040226673
13708,1,2042140331
13709,0,2042891752
13710,4,2043176481
13711,0,2043452432
13712,4,2043900472
13713,0,2044277991
13714,4,2044344139
13715,1,2044363741
13716,1,2046710394
13717,3,2048303231
13718,3,2048950909
13719,3,2050825371
13720,1,2051015132
13721,1,2051480201
13722,3,2054108601
13723,4,2055334138
13724,3,2055459871
13725,4,2057692368
13726,1,2058114023
13727,1,2058290527
13728,1,2059693422
13729,2,2060439579
13730,0,2062749343
13731,0,2063767580
13732,0,2064073200
13733,0,2064394205
13734,4,2064507030
13735,4,2067183157
13736,0,2067445687
13737,3,2067536138
13738,0,2068192135
13739,3,2068776538
13740,1,2069502440
13741,1,2069900333
13742,1,2070129637
13743,3,2070522946
13744,0,2071003257
13745,0,2071067552
13746,3,2071259760
13747,0,2071606791
13748,3,2072073954
13749,2,2072266740
13750,1,2072470926
13751,0,2073435399
13752,0,2074170265
13753,4,2074293286
13754,3,2074418935
13755,1,2075081309
13756,2,2075982329
13757,4,2076262646
13758,1,2077043500
13759,3,2077514866
13760,0,2078539260
13761,0,2078859444
13762,4,2080046038
13763,1,2083093338
13764,0,2083542229
13765,3,2083605416
13766,3,2087010402
13767,1,2087218686
13768,3,2087654971
13769,0,2087754482
13770,1,2088321837
13771,1,2088411334
13772,3,2088594940
13773,4,2089025576
13774,1,2091168974
13775,4,2091839051
13776,1,2091839244
13777,1,2094951331
13778,3,2097295470
13779,4,2098295146
13780,4,2098616985
13781,1,2098623011
13782,0,2099970658
13783,3,2100776563
13784,0,2101495748
13785,3,2101884676
13786,2,2103725947
13787,0,2103806861
13788,0,2105255258
13789,0,2105574482
13790,3,2105965815
13791,3,2106001224
13792,2,2106002342
13793,0,2107279796
13794,1,2107480674
13795,1,2108096645
13796,3,2108555463
13797,3,2110002040
13798,2,2110540335
13799,3,2111111898
13800,3,2111231838
13801,0,2111260331
13802,2,2111260643
13803,1,2112672233
13804,4,2114989619
13805,4,2115260875
13806,1,2116009502
13807,3,2117282099
13808,0,2118363779
13809,3,2120014684
13810,2,2120740856
13811,0,2121289477
13812,3,2122062760
13813,0,2122383212
13814,2,2124011283
13815,1,2125582428
13816,1,2126246046
13817,3,2127077413
13818,4,2127104658
13819,0,2127877842
13820,1,2128170587
13821,1,2128719459
13822,1,2129026797
13823,3,2130068329
13824,3,2130194507
13825,0,2133074103
13826,3,2133201768
13827,1,2135855554
13828,3,2137350411
13829,3,2137637121
13830,3,2138314127
13831,3,2139098960
13832,1,2140230669
13833,3,2140573021
13834,0,2140981828
13835,3,2141131880
13836,3,2141537845
13837,1,2147602734
13838,1,2147648437
13839,3,2148616914
13840,1,2148775397
13841,1,2149410342
13842,3,2149414803
13843,1,2149678321
13844,3,2149710299
13845,0,2149724409
13846,3,2150278332
13847,0,2151040112
13848,1,2151554844
13849,1,2151735946
13850,4,2153047493
13851,1,2156099555
13852,3,2157002362
13853,1,2158241385
13854,4,2158355744
13855,1,2158369019
13856,2,2158371274
13857,1,2158617961
13858,4,2159855524
13859,1,2160071688
13860,1,2161230805
13861,4,2162614032
13862,1,2163054551
13863,0,2163544744
13864,4,2164369999
13865,3,2164442543
13866,4,2164894610
13867,3,2165171007
13868,1,2165588450
13869,1,2165868087
13870,1,2167526455
13871,1,2168817524
13872,0,2168976325
13873,1,2169842115
13874,3,2170401590
13875,3,2171328198
13876,1,2173638787
13877,4,2174560164
13878,4,2174560537
13879,4,2175593729
13880,3,2175794306
13881,0,2179803728
13882,4,2181777273
13883,4,2181778046
13884,1,2184125055
13885,3,2184903833
13886,0,2184980584
13887,3,2185116421
13888,4,2186398501
13889,4,2186602013
13890,2,2188826407
13891,1,2189269854
13892,3,2190875333
13893,3,2193185498
13894,1,2193627521
13895,3,2194294682
13896,1,2195305528
13897,3,2196255825
13898,1,2198052762
13899,1,2198339626
13900,4,2198398546
13901,4,2199936688
13902,3,2200375136
13903,1,2200432831
13904,3,2200503058
13905,1,2201230937
13906,1,2201358978
13907,1,2203308061
13908,3,2203830364
13909,4,2204632031
13910,3,2204748377
13911,2,2204856390
13912,1,2205575664
13913,3,2205767241
13914,3,2207888729
13915,4,2208335432
13916,4,2211545428
13917,1,2212649924
13918,0,2213087190
13919,3,2213245918
13920,0,2213395274
13921,1,2213435926
13922,0,2213632103
13923,3,2214788791
13924,1,2214924479
13925,1,2216634186
13926,1,2216791837
13927,1,2217444039
13928,3,2217979583
13929,1,2221460093
13930,1,2222750987
13931,3,2222962732
13932,2,2223137605
13933,3,2224397389
13934,1,2224759754
13935,1,2225357152
13936,3,2225609615
13937,1,2226427933
13938,3,2226795218
13939,1,2228104312
13940,3,2228825481
13941,4,2230346950
13942,3,2230614896
13943,3,2233091752
13944,0,2233126734
13945,1,2233718232
13946,0,2233925213
13947,1,2234763861
13948,3,2237739416
13949,1,2238330084
13950,0,2238583328
13951,1,2238859927
13952,3,2239267204
13953,2,2239705180
13954,3,2239986592
13955,0,2239988161
13956,0,2241445390
13957,1,2241831886
13958,1,2241951815
13959,4,2242621141
13960,0,2243224315
13961,1,2243750370
13962,4,2244043190
13963,2,2244452391
13964,3,2245052062
13965,4,2246643111
13966,1,2247618656
13967,0,2250120952
13968,3,2251173227
13969,3,2251628316
13970,0,2252108868
13971,3,2252539255
13972,3,2253992608
13973,1,2254435803
13974,1,2255154964
13975,3,2257445748
13976,3,2257752890
13977,1,2257976799
13978,2,2258172732
13979,3,2259180344
13980,3,2260435473
13981,4,2261286902
13982,1,2261350799
13983,1,2261593681
13984,0,2262851741
13985,3,2263378195
13986,4,2266481275
13987,3,2266499223
13988,3,2266928319
13989,1,2267085856
13990,1,2267090433
13991,0,2268365688
13992,2,2269089935
13993,4,2272486242
13994,0,2273117349
13995,3,2273359751
13996,4,2274365193
13997,1,2274448467
13998,1,2275125460
13999,2,2275125961
14000,0,2275347211
14001,4,2276423520
14002,1,2277749889
14003,2,2278585785
14004,3,2281418156
14005,4,2282338401
14006,0,2283025604
14007,0,2283115664
14008,1,2283920008
14009,1,2283942074
14010,3,2285542955
14011,1,2286577087
14012,3,2286711703
14013,2,2287016920
14014,3,2287074367
14015,3,2287099459
14016,1,2287449251
14017,3,2288616720
14018,4,2288720065
14019,4,2289003788
14020,4,2289014324
14021,3,2290475219
14022,1,2290911502
14023,1,2290911773
14024,1,2290911850
14025,1,2290912084
14026,1,2290912209
14027,1,2290912750
14028,1,2290913465
14029,1,2290914368
14030,1,2290914546
14031,1,2290916643
14032,1,2290917840
14033,1,2290918336
14034,1,2290921199
14035,0,2291529662
14036,3,2291674461
14037,1,2292488973
14038,1,2292827574
14039,3,2294693841
14040,1,2294819359
14041,3,2295380494
14042,1,2296829856
14043,3,2297597946
14044,3,2297827535
14045,3,2298967380
14046,2,2299031062
14047,4,2299726315
14048,4,2299727597
14049,1,2299822873
14050,3,2300084820
14051,0,2300116256
14052,4,2301903826
14053,1,2302026619
14054,1,2302855066
14055,4,2303003514
14056,1,2303411047
14057,2,2303644779
14058,3,2305216503
14059,3,2305479463
14060,1,2307746540
14061,4,2308665391
14062,4,2312074446
14063,0,2312991500
14064,4,2313697242
14065,1,2314037994
14066,3,2316278659
14067,3,2317814966
14068,3,2318567146
14069,0,2319977690
14070,0,2320974067
14071,3,2322897957
14072,4,2323808365
14073,1,2324072709
14074,4,2324231438
14075,4,2324273448
14076,1,2324435253
14077,1,2324745732
14078,4,2325205527
14079,0,2326089138
14080,0,2328054738
14081,1,2328361828
14082,3,2329414106
14083,3,2329506707
14084,1,2330355275
14085,0,2331577089
14086,1,2332101376
14087,4,2332101430
14088,3,2332309810
14089,1,2332345390
14090,3,2332480727
14091,3,2335346734
14092,4,2335839921
14093,0,2335938403
14094,1,2336020760
14095,1,2336415798
14096,0,2336459342
14097,1,2337998914
14098,1,2339162066
14099,3,2339162757
14100,0,2339496857
14101,0,2340585710
14102,0,2341241155
14103,0,2341934989
14104,4,2342290012
14105,3,2343299393
14106,0,2343419932
14107,4,2343457158
14108,1,2344026600
14109,0,2344487320
14110,1,2344992121
14111,3,2345787409
14112,1,2346153745
14113,3,2347561100
14114,1,2348904221
14115,4,2349307101
14116,4,2349835495
14117,1,2351069101
14118,1,2352364156
14119,3,2352588305
14120,0,2353299152
14121,2,2353299591
14122,2,2355105787
14123,0,2355625951
14124,4,2356378346
14125,1,2356800659
14126,2,2356912973
14127,4,2361366313
14128,2,2361498323
14129,1,2361743506
14130,0,2361838744
14131,1,2363154140
14132,1,2364665708
14133,2,2365307313
14134,3,2366491344
14135,1,2367793376
14136,4,2369479130
14137,0,2370393888
14138,4,2370461794
14139,3,2372477438
14140,3,2372761757
14141,4,2372914051
14142,2,2374529770
14143,0,2374649966
14144,0,2377682613
14145,3,2378509347
14146,3,2379610707
14147,4,2379756587
14148,0,2380576556
14149,3,2381984006
14150,3,2385356331
14151,0,2385704496
14152,3,2385744231
14153,3,2386214323
14154,0,2386843689
14155,3,2386884322
14156,1,2386890157
14157,3,2387705082
14158,1,2387981854
14159,1,2388398883
14160,4,2389272523
14161,3,2389688801
14162,4,2391140224
14163,3,2391488138
14164,0,2394110955
14165,1,2394689989
14166,1,2394768408
14167,1,2394967064
14168,3,2395889748
14169,3,2395891253
14170,1,2396279570
14171,0,2396594228
14172,1,2397412766
14173,3,2398215775
14174,3,2398459270
14175,3,2398733344
14176,4,2399044216
14177,4,2399189141
14178,1,2399224743
14179,3,2399531184
14180,0,2400756361
14181,3,2400779412
14182,4,2401541199
14183,3,2401548983
14184,0,2401714508
14185,0,2402927157
14186,2,2403337832
14187,0,2403506062
14188,2,2404727570
14189,3,2405086722
14190,1,2405978691
14191,4,2406154156
14192,1,2406384244
14193,1,2406494784
14194,3,2407588720
14195,2,2409079273
14196,1,2409510187
14197,3,2410468138
14198,1,2411929476
14199,2,2412529044
14200,3,2412983469
14201,1,2413524097
14202,2,2414201542
14203,1,2414633978
14204,3,2414893351
14205,3,2414981447
14206,1,2415045622
14207,1,2415282974
14208,4,2415838811
14209,4,2417640430
14210,1,2417645696
14211,0,2418451135
14212,0,2418451325
14213,0,2418459476
14214,3,2420849097
14215,1,2422034697
14216,3,2425258034
14217,1,2426198532
14218,0,2426464403
14219,3,2427578105
14220,2,2429085978
14221,4,2429816917
14222,3,2432436298
14223,3,2433516462
14224,1,2434190306
14225,3,2437844035
14226,3,2438745140
14227,3,2439360471
14228,1,2439789718
14229,0,2442922528
14230,0,2443520143
14231,0,2443981662
14232,3,2443981780
14233,1,2444458900
14234,0,2444890232
14235,1,2445145530
14236,3,2446032594
14237,2,2446263672
14238,4,2446387478
14239,2,2446705803
14240,3,2446761440
14241,3,2447132706
14242,3,2448323352
14243,1,2449607643
14244,1,2450081403
14245,3,2450969715
14246,1,2451519221
14247,0,2452371226
14248,4,2453956585
14249,1,2454143568
14250,1,2454371924
14251,0,2454811316
14252,1,2455830438
14253,3,2456329988
14254,3,2456761826
14255,1,2457055601
14256,1,2457369993
14257,4,2458795924
14258,4,2459041871
14259,3,2459298071
14260,1,2460048854
14261,0,2460387655
14262,3,2461111640
14263,1,2462069225
14264,3,2462945570
14265,1,2464262417
14266,3,2464618550
14267,3,2464876180
14268,1,2465159366
14269,1,2465795847
14270,0,2465949681
14271,2,2466234175
14272,1,2467486979
14273,1,2467863251
14274,0,2468568207
14275,3,2468620248
14276,0,2468665556
14277,3,2470129360
14278,3,2471204478
14279,3,2472564010
14280,1,2473404822
14281,4,2473538782
14282,4,2474269612
14283,1,2474596181
14284,3,2476048652
14285,1,2476893742
14286,3,2476932170
14287,1,2477084244
14288,1,2477241234
14289,0,2477769931
14290,1,2477887042
14291,1,2478965717
14292,0,2479643391
14293,1,2479908074
14294,4,2480640220
14295,4,2481007501
14296,1,2481162213
14297,0,2482946401
14298,1,2483449634
14299,4,2483453645
14300,3,2483729881
14301,3,2484496100
14302,3,2485167692
14303,3,2485415373
14304,3,2485484032
14305,1,2486324069
14306,3,2486445194
14307,3,2487573646
14308,4,2488171400
14309,1,2488378010
14310,4,2489702716
14311,1,2489850920
14312,1,2490311363
14313,1,2491300337
14314,1,2491431400
14315,1,2493224524
14316,1,2493305655
14317,1,2494705576
14318,3,2495856886
14319,3,2496456274
14320,2,2496914963
14321,0,2498887514
14322,3,2499224697
14323,4,2500084037
14324,0,2500434248
14325,1,2500742715
14326,0,2500885749
14327,4,2501456765
14328,3,2501624625
14329,4,2502195600
14330,4,2502378073
14331,1,2502541444
14332,2,2502542409
14333,0,2505669411
14334,0,2506513193
14335,0,2506514322
14336,4,2508120004
14337,4,2508524067
14338,1,2508724978
14339,3,2509004213
14340,1,2509476776
14341,3,2511118818
14342,3,2511691027
14343,1,2511698805
14344,0,2513674901
14345,4,2513675303
14346,3,2513689218
14347,3,2515545919
14348,4,2516543953
14349,1,2516595124
14350,0,2516685178
14351,3,2517248945
14352,0,2517319706
14353,1,2518147458
14354,0,2519781990
14355,0,2521820701
14356,3,2522697581
14357,4,2522774846
14358,4,2523700164
14359,3,2523836465
14360,3,2524095275
14361,4,2524914795
14362,0,2525613159
14363,0,2527026406
14364,4,2530134827
14365,1,2531577878
14366,3,2531992620
14367,1,2532398444
14368,4,2533643702
14369,1,2533792406
14370,1,2535715530
14371,0,2536367022
14372,3,2537301262
14373,0,2539009427
14374,1,2539918311
14375,3,2540890776
14376,2,2540902973
14377,0,2544014430
14378,1,2546664597
14379,4,2546725524
14380,1,2546799414
14381,3,2549511506
14382,1,2549598944
14383,1,2551665062
14384,3,2552129751
14385,3,2553972136
14386,3,2554079946
14387,1,2554509965
14388,3,2555006840
14389,1,2555733710
14390,4,2556395029
14391,2,2556697628
14392,1,2557314451
14393,0,2558407866
14394,3,2559497426
14395,3,2559571748
14396,4,2561630008
14397,1,2562741353
14398,0,2563952367
14399,3,2564001534
14400,2,2564404778
14401,3,2565874691
14402,4,2566226570
14403,4,2567217319
14404,1,2569170959
14405,4,2570411364
14406,2,2570889965
14407,3,2571750719
14408,3,2573672012
14409,3,2573881492
14410,0,2574434569
14411,3,2574580503
14412,0,2575160012
14413,0,2577660981
14414,4,2577792270
14415,3,2578514817
14416,0,2578852187
14417,2,2580106529
14418,1,2580463782
14419,1,2580860099
14420,4,2581514545
14421,3,2583460194
14422,3,2584530962
14423,4,2585345002
14424,0,2586027716
14425,0,2586193602
14426,4,2586203772
14427,4,2586252216
14428,0,2586472804
14429,3,2587633409
14430,0,2588129642
14431,3,2588700469
14432,0,2589361890
14433,3,2591189108
14434,0,2591832936
14435,3,2593034268
14436,2,2593217191
14437,1,2593253661
14438,4,2593632444
14439,1,2594138691
14440,1,2597552763
14441,1,2597596186
14442,4,2599767021
14443,2,2600005353
14444,2,2600006338
14445,0,2600006797
14446,2,2600007767
14447,0,2600012903
14448,2,2600014627
14449,2,2600021189
14450,2,2600023241
14451,1,2600185284
14452,4,2600579508
14453,2,2600765287
14454,0,2600873752
14455,2,2601001731
14456,2,2601351054
14457,3,2601469003
14458,4,2603422335
14459,4,2603632822
14460,3,2603779215
14461,1,2603860003
14462,3,2605958920
14463,1,2606995273
14464,1,2607732450
14465,4,2608225055
14466,3,2610786307
14467,4,2611620759
14468,1,2613841125
14469,0,2615171558
14470,4,2615340015
14471,2,2615793912
14472,4,2616451849
14473,4,2616664743
14474,1,2617316495
14475,3,2619771673
14476,0,2621211445
14477,1,2624105568
14478,0,2626462107
14479,1,2626847610
14480,4,2628499819
14481,3,2628554251
14482,4,2628630182
14483,3,2629712342
14484,0,2630640983
14485,1,2630985920
14486,1,2631185224
14487,0,2632117275
14488,4,2633993962
14489,1,2634485244
14490,3,2634645792
14491,3,2634957133
14492,3,2636099197
14493,3,2637026180
14494,1,2637491616
14495,4,2637880840
14496,3,2638152242
14497,3,2638185229
14498,3,2641182580
14499,4,2641911858
14500,2,2642321931
14501,0,2642860453
14502,4,2643070181
14503,1,2643261322
14504,0,2643308689
14505,4,2645289917
14506,3,2645327766
14507,3,2645350279
14508,3,2646329766
14509,1,2646344391
14510,3,2646607021
14511,1,2646633725
14512,3,2647046888
14513,0,2647095845
14514,1,2649698353
14515,0,2650997962
14516,1,2652365004
14517,4,2653417527
14518,3,2653954059
14519,1,2654480285
14520,3,2654612264
14521,4,2654674571
14522,3,2655368636
14523,2,2655985340
14524,3,2656266865
14525,3,2658514268
14526,1,2658944978
14527,3,2659812760
14528,3,2659902828
14529,1,2660262088
14530,1,2660723700
14531,1,2660850542
14532,2,2660868987
14533,3,2661117095
14534,0,2661679658
14535,4,2663618007
14536,1,2663637298
14537,3,2663733871
14538,3,2664309578
14539,4,2664965370
14540,3,2665049470
14541,3,2667528880
14542,4,2668104172
14543,1,2669155341
14544,4,2669626462
14545,3,2670267566
14546,3,2671104833
14547,3,2671773903
14548,0,2673056708
14549,1,2673101183
14550,3,2673124695
14551,3,2673396442
14552,0,2675713724
14553,4,2675906028
14554,4,2676730432
14555,1,2678639655
14556,3,2680377607
14557,4,2680637885
14558,4,2681155373
14559,3,2682226098
14560,2,2683046543
14561,4,2684041545
14562,3,2684383266
14563,1,2684950363
14564,4,2686749060
14565,1,2688256412
14566,0,2689213379
14567,1,2689837076
14568,3,2690973771
14569,4,2691010132
14570,0,2691311045
14571,3,2692575728
14572,1,2693032119
14573,3,2695724188
14574,3,2695872079
14575,3,2696316694
14576,0,2696824259
14577,2,2698551568
14578,3,2698767211
14579,4,2698900606
14580,3,2699483759
14581,2,2700289621
14582,4,2700610697
14583,1,2701604236
14584,3,2702842190
14585,0,2703917602
14586,2,2704262147
14587,1,2704264134
14588,0,2705418415
14589,2,2705452330
14590,3,2706205519
14591,3,2706229002
14592,4,2707876757
14593,4,2707876903
14594,4,2707877294
14595,1,2708512876
14596,1,2709160225
14597,1,2709289189
14598,1,2709606717
14599,3,2710945007
14600,1,2711683111
14601,1,2712622853
14602,1,2713187214
14603,3,2713607826
14604,0,2714573610
14605,1,2714846260
14606,3,2714936206
14607,4,2717655294
14608,0,2717677626
14609,3,2718004466
14610,1,2718134812
14611,0,2718198198
14612,3,2718440509
14613,1,2718608911
14614,0,2719337232
14615,3,2720330548
14616,0,2720484010
14617,4,2721116746
14618,3,2722453126
14619,3,2723273366
14620,1,2724242162
14621,0,2725382328
14622,1,2727025866
14623,4,2728200455
14624,4,2729651884
14625,3,2730624331
14626,0,2731199449
14627,1,2731585346
14628,3,2731612572
14629,3,2732099743
14630,1,2732418909
14631,3,2732448220
14632,0,2733801870
14633,3,2733802052
14634,0,2734320943
14635,1,2736218119
14636,1,2736510048
14637,4,2737335326
14638,1,2737460491
14639,4,2739003794
14640,4,2739827625
14641,3,2739844960
14642,1,2741296066
14643,0,2743368448
14644,1,2744293716
14645,3,2745632924
14646,3,2746239480
14647,1,2747827673
14648,0,2751794018
14649,3,2752769037
14650,3,2753565102
14651,0,2755039268
14652,0,2755239121
14653,0,2756184923
14654,1,2757134123
14655,3,2758826392
14656,1,2758927875
14657,4,2759853000
14658,3,2761106437
14659,0,2761161467
14660,0,2764304193
14661,1,2764673962
14662,2,2765743170
14663,4,2766113582
14664,1,2767719688
14665,0,2768424969
14666,3,2768638453
14667,1,2770508062
14668,1,2771313048
14669,0,2771765191
14670,3,2771993768
14671,2,2772891927
14672,3,2772945386
14673,3,2775195361
14674,1,2775757000
14675,1,2775985089
14676,1,2776050568
14677,4,2776935877
14678,0,2777294643
14679,3,2777919911
14680,1,2777927600
14681,1,2779949861
14682,3,2780845081
14683,1,2780998155
14684,1,2781571762
14685,0,2781755539
14686,1,2784216273
14687,4,2785492251
14688,1,2785622949
14689,1,2785623558
14690,0,2785728090
14691,3,2786916622
14692,0,2790583605
14693,1,2790666131
14694,0,2791769989
14695,1,2791988393
14696,4,2792084440
14697,1,2792136387
14698,4,2792958722
14699,0,2795594694
14700,4,2795669391
14701,3,2796414246
14702,0,2796996636
14703,3,2799160790
14704,3,2802314985
14705,1,2802644326
14706,1,2802645111
14707,1,2802648142
14708,3,2804278637
14709,3,2805125900
14710,3,2807681944
14711,2,2807994945
14712,1,2809069468
14713,1,2810235357
14714,3,2812901005
14715,0,2813012256
14716,1,2816954637
14717,1,2818046548
14718,2,2818266956
14719,1,2821595381
14720,1,2823238281
14721,1,2823842745
14722,3,2823876712
14723,2,2824155667
14724,4,2824816203
14725,4,2825984952
14726,4,2826275839
14727,0,2826893627
14728,1,2826909163
14729,0,2827186597
14730,0,2827244721
14731,0,2828247251
14732,3,2829426348
14733,0,2830628691
14734,3,2830699118
14735,1,2832201579
14736,1,2832667268
14737,0,2833927354
14738,0,2834565627
14739,0,2834958724
14740,1,2835762992
14741,4,2835789217
14742,1,2837743246
14743,4,2838231596
14744,0,2838487096
14745,3,2841386080
14746,4,2841401348
14747,1,2841890394
14748,0,2841911226
14749,4,2843680377
14750,4,2844209712
14751,3,2844282406
14752,1,2844733588
14753,4,2847969860
14754,4,2848110762
14755,3,2848662851
14756,1,2849405340
14757,0,2849569311
14758,2,2852571849
14759,3,2852581726
14760,4,2853022987
14761,4,2856089643
14762,3,2856886594
14763,4,2858220919
14764,2,2858856261
14765,1,2859298373
14766,2,2860519291
14767,4,2861605834
14768,3,2861815194
14769,3,2861930975
14770,2,2862931056
14771,4,2863274855
14772,4,2863799603
14773,1,2864129205
14774,3,2864560038
14775,3,2867311837
14776,3,2868170294
14777,0,2871828439
14778,1,2871983533
14779,1,2872467165
14780,1,2873391083
14781,1,2874570778
14782,1,2874693379
14783,0,2876195026
14784,4,2878964435
14785,1,2879153404
14786,0,2879718954
14787,1,2882530240
14788,0,2882669197
14789,0,2887020869
14790,3,2887136227
14791,4,2887531148
14792,3,2888817763
14793,2,2888940591
14794,1,2889838888
14795,2,2890644093
14796,3,2893002271
14797,1,2893767074
14798,3,2895073962
14799,1,2896913296
14800,1,2898260596
14801,4,2898846161
14802,3,2899105039
14803,0,2900439385
14804,0,2900467730
14805,3,2901413756
14806,1,2901481367
14807,2,2903882178
14808,1,2904518605
14809,3,2904736518
14810,0,2906256918
14811,3,2907143808
14812,3,2907398687
14813,3,2909293667
14814,0,2909988049
14815,0,2911935508
14816,4,2912597428
14817,2,2913809441
14818,1,2914360163
14819,3,2914823082
14820,0,2915273520
14821,1,2916419503
14822,0,2916537788
14823,3,2917593319
14824,4,2917774002
14825,1,2918680807
14826,1,2920318006
14827,0,2921006681
14828,0,2921011506
14829,0,2921397303
14830,1,2922971166
14831,1,2924820547
14832,0,2926266550
14833,3,2926471586
14834,4,2926581878
14835,3,2929010250
14836,2,2929643861
14837,2,2930152375
14838,3,2931904671
14839,3,2932967243
14840,0,2933176726
14841,3,2933978850
14842,2,2935180236
14843,3,2936215526
14844,4,2937503946
14845,0,2939172586
14846,2,2940244486
14847,4,2941370115
14848,2,2942588385
14849,4,2943992756
14850,3,2944468118
14851,1,2944726652
14852,0,2945088581
14853,0,2945098647
14854,1,2945755400
14855,1,2946088189
14856,1,2947403894
14857,3,2947559050
14858,3,2948134393
14859,1,2948293108
14860,0,2948754899
14861,1,2949381879
14862,1,2950005479
14863,3,2954043177
14864,0,2954388656
14865,3,2954631114
14866,3,2954631218
14867,1,2956482688
14868,4,2957594378
14869,3,2957649301
14870,1,2958578146
14871,0,2959282647
14872,3,2960789834
14873,0,2961467958
14874,3,2962465380
14875,2,2962777962
14876,1,2963448411
14877,1,2964801220
14878,3,2964987297
14879,0,2965619826
14880,0,2965861662
14881,1,2966339800
14882,3,2966358971
14883,0,2967606880
14884,1,2968074401
14885,4,2968415960
14886,1,2968450263
14887,4,2969240063
14888,3,2970447363
14889,3,2970775680
14890,1,2972701597
14891,0,2975661180
14892,1,2976196182
14893,4,2976213870
14894,4,2977576128
14895,3,2980078935
14896,4,2980243514
14897,3,2985775433
14898,4,2986455434
14899,1,2988684151
14900,1,2990151771
14901,3,2990747663
14902,3,2991291778
14903,4,2993219708
14904,4,2994119326
14905,1,2994166603
14906,0,2994836247
14907,3,2995318437
14908,0,2998876932
14909,1,2999301418
14910,0,2999496260
14911,0,3000266991
14912,1,3001059473
14913,3,3001303691
14914,0,3001647304
14915,3,3004076958
14916,3,3005803107
14917,1,3006543586
14918,3,3013034348
14919,0,3013419901
14920,4,3014893159
14921,0,3015052862
14922,1,3015215657
14923,1,3015546304
14924,1,3015805346
14925,1,3017087602
14926,4,3018010194
14927,3,3018621049
14928,3,3019940168
14929,1,3020040421
14930,3,3020098259
14931,1,3020750597
14932,4,3022559899
14933,3,3022576206
14934,3,3022903352
14935,2,3023117237
14936,4,3023242230
14937,2,3023390418
14938,3,3025201577
14939,0,3025201660
14940,0,3026253004
14941,4,3026529104
14942,0,3026739449
14943,1,3027341726
14944,2,3028767324
14945,1,3029136728
14946,0,3030214707
14947,2,3030810878
14948,1,3031486212
14949,2,3032846500
14950,1,3033985357
14951,1,3035007932
14952,1,3035606239
14953,3,3035819859
14954,3,3035947772
14955,1,3036035409
14956,4,3036122129
14957,4,3036689820
14958,3,3038155558
14959,3,3038440197
14960,3,3039563782
14961,1,3040333641
14962,1,3040693092
14963,1,3040699353
14964,3,3040876313
14965,3,3041954782
14966,1,3042544780
14967,1,3042544908
14968,3,3045084739
14969,4,3045574562
14970,3,3047158573
14971,1,3047242581
14972,3,3047322326
14973,4,3047755179
14974,4,3049277538
14975,3,3049714303
14976,1,3049751250
14977,1,3050237656
14978,1,3051313997
14979,1,3051428196
14980,0,3052179291
14981,3,3053591310
14982,4,3054255936
14983,1,3054578308
14984,3,3055524328
14985,1,3056934906
14986,1,3057267648
14987,4,3057484838
14988,1,3059794270
14989,3,3060262984
14990,1,3065121168
14991,1,3065428602
14992,1,3065642941
14993,4,3067488250
14994,3,3068907338
14995,3,3069070490
14996,4,3069135903
14997,3,3070015964
14998,1,3073314911
14999,3,3074151211
15000,1,3074925170
15001,3,3075462476
15002,4,3076008972
15003,4,3076014479
15004,1,3076509708
15005,1,3076787759
15006,1,3077435142
15007,3,3077576751
15008,1,3077772079
15009,3,3077774462
15010,2,3077930535
15011,3,3078898195
15012,1,3079207931
15013,4,3080496496
15014,0,3080592438
15015,4,3080667844
15016,0,3080874227
15017,1,3080936556
15018,3,3082306966
15019,2,3082492214
15020,3,3085697868
15021,3,3086548285
15022,3,3086975774
15023,1,3087613247
15024,1,3087619060
15025,3,3088644219
15026,1,3089662861
15027,2,3089671483
15028,2,3090003970
15029,1,3090754299
15030,4,3090812042
15031,1,3091343468
15032,0,3092851389
15033,4,3094584146
15034,4,3096268474
15035,4,3096861475
15036,2,3096924066
15037,1,3097737694
15038,4,3099539859
15039,0,3099573997
15040,0,3099979237
15041,2,3101517570
15042,0,3101522064
15043,1,3104031924
15044,1,3104236134
15045,1,3106671728
15046,4,3107518779
15047,1,3108061170
15048,3,3110956894
15049,1,3111045404
15050,3,3111298290
15051,0,3112498857
15052,3,3114028384
15053,0,3115235642
15054,3,3116770157
15055,3,3117149233
15056,3,3117508071
15057,3,3117630669
15058,3,3117809580
15059,1,3118154308
15060,4,3118597484
15061,4,3118703198
15062,1,3121603424
15063,1,3122574088
15064,3,3124301217
15065,1,3124499286
15066,3,3126044763
15067,1,3126765792
15068,2,3129059497
15069,3,3129618055
15070,1,3129713655
15071,4,3129784219
15072,3,3130241541
15073,2,3130839747
15074,3,3131395788
15075,0,3133159413
15076,0,3133159434
15077,3,3134263475
15078,3,3135563058
15079,0,3135811681
15080,1,3136463170
15081,1,3137084990
15082,3,3137276826
15083,4,3139217953
15084,3,3139254473
15085,3,3140221605
15086,1,3141236395
15087,4,3142862616
15088,3,3146079969
15089,4,3147865310
15090,1,3147985441
15091,4,3147998594
15092,3,3149701430
15093,1,3150057364
15094,0,3150654597
15095,4,3150758034
15096,0,3152071901
15097,1,3152314134
15098,0,3152495224
15099,1,3153003043
15100,3,3153436127
15101,4,3153677889
15102,0,3153914030
15103,1,3154686491
15104,3,3157219249
15105,3,3157845822
15106,4,3160060852
15107,1,3160565602
15108,0,3161461839
15109,4,3162551348
15110,3,3163653606
15111,0,3163742866
15112,3,3166978384
15113,4,3167706048
15114,4,3167870039
15115,1,3167929645
15116,2,3168336220
15117,3,3168377009
15118,4,3168927360
15119,3,3170987110
15120,3,3171617992
15121,1,3171632516
15122,0,3172925086
15123,1,3173989009
15124,3,3175611258
15125,3,3176151998
15126,4,3176163897
15127,0,3177336891
15128,3,3179611101
15129,4,3181176650
15130,4,3182306186
15131,3,3182363379
15132,1,3182397759
15133,3,3182555671
15134,1,3182698280
15135,1,3183104550
15136,3,3183121491
15137,3,3183563430
15138,1,3185837969
15139,1,3185866983
15140,2,3187340600
15141,0,3188413627
15142,1,3190829341
15143,2,3191557780
15144,4,3193330765
15145,1,3193606335
15146,2,3194152327
15147,3,3196587996
15148,1,3198651384
15149,4,3199215120
15150,1,3199246963
15151,0,3199433445
15152,0,3200568841
15153,3,3203485022
15154,3,3204146801
15155,1,3204903849
15156,0,3205249768
15157,3,3206228416
15158,1,3206765806
15159,4,3206980731
15160,3,3209316232
15161,3,3209536222
15162,4,3209631716
15163,0,3210000834
15164,3,3210023861
15165,4,3212184233
15166,0,3213263373
15167,1,3214723074
15168,1,3215088007
15169,0,3217724176
15170,3,3218826751
15171,3,3219194549
15172,4,3220082921
15173,0,3221446796
15174,0,3222310402
15175,3,3223057017
15176,1,3223609453
15177,0,3226856920
15178,4,3227022837
15179,3,3229292298
15180,1,3230239525
15181,1,3230646726
15182,1,3231858138
15183,0,3231893817
15184,3,3232652357
15185,0,3236273243
15186,3,3236340024
15187,1,3236514654
15188,4,3237024659
15189,0,3237319513
15190,3,3237805532
15191,0,3237824723
15192,3,3238370858
15193,3,3238900925
15194,2,3240216752
15195,1,3243167007
15196,2,3243410584
15197,3,3244502756
15198,0,3244619000
15199,1,3246390469
15200,3,3248014409
15201,0,3248037914
15202,1,3248184028
15203,3,3248357147
15204,1,3249176382
15205,1,3249182672
15206,0,3249716968
15207,1,3250715839
15208,1,3253587161
15209,2,3254334444
15210,0,3256650511
15211,1,3256664149
15212,0,3257516692
15213,4,3258445126
15214,2,3259620757
15215,1,3259634595
15216,2,3259635844
15217,1,3259757229
15218,0,3259768987
15219,1,3260900314
15220,3,3261783638
15221,3,3262494130
15222,4,3262836771
15223,3,3263886042
15224,0,3265145101
15225,1,3266795648
15226,1,3267712496
15227,3,3267723309
15228,3,3269011208
15229,4,3269493553
15230,1,3269642266
15231,0,3270638361
15232,3,3273287575
15233,1,3273495656
15234,0,3273918374
15235,1,3276427546
15236,1,3276728970
15237,1,3276942054
15238,4,3278451195
15239,0,3278664359
15240,1,3279172754
15241,3,3280879523
15242,1,3281091197
15243,1,3281093562
15244,3,3281823571
15245,3,3282584156
15246,0,3283423696
15247,3,3283850407
15248,4,3284387994
15249,0,3286092164
15250,3,3286121489
15251,3,3286185613
15252,2,3287199361
15253,0,3287498272
15254,0,3287907355
15255,0,3288428111
15256,3,3288515048
15257,0,3289354754
15258,3,3290010011
15259,1,3290659887
15260,1,3290760114
15261,1,3291800681
15262,4,3291831190
15263,4,3293618273
15264,3,3293671278
15265,1,3294931992
15266,4,3297694089
15267,2,3301941502
15268,3,3302974692
15269,3,3303076448
15270,0,3306280316
15271,3,3306511379
15272,1,3308064547
15273,1,3308071849
15274,3,3308458891
15275,3,3308767565
15276,1,3309035987
15277,3,3309623555
15278,4,3309863455
15279,1,3309951706
15280,4,3310151622
15281,0,3310547947
15282,1,3310648658
15283,4,3310992709
15284,1,3310995296
15285,1,3313128515
15286,1,3313331835
15287,1,3316227581
15288,3,3316343506
15289,0,3317177461
15290,3,3319251270
15291,4,3319615158
15292,2,3320178951
15293,0,3322115771
15294,4,3322991758
15295,4,3323026777
15296,1,3324033511
15297,0,3324289141
15298,0,3324655517
15299,3,3326731927
15300,1,3327261787
15301,1,3327624364
15302,2,3328264655
15303,1,3328712667
15304,3,3329345139
15305,3,3331065023
15306,2,3332696522
15307,3,3334189076
15308,3,3334474711
15309,2,3335109536
15310,0,3335864436
15311,3,3336188513
15312,0,3336194088
15313,2,3337390598
15314,0,3339520885
15315,0,3340243291
15316,1,3342768461
15317,0,3342852508
15318,1,3343305174
15319,3,3343606517
15320,3,3346781824
15321,3,3348296329
15322,4,3348597799
15323,1,3348598292
15324,4,3349731956
15325,1,3350689478
15326,3,3351173998
15327,4,3352456125
15328,4,3354355597
15329,3,3355553457
15330,1,3356037353
15331,1,3356122410
15332,0,3356387520
15333,4,3357721994
15334,1,3357758669
15335,1,3360323253
15336,4,3362736452
15337,1,3363069332
15338,2,3363934685
15339,2,3364544246
15340,3,3364610871
15341,0,3365040459
15342,0,3365978969
15343,3,3366582985
15344,4,3367233752
15345,2,3367351803
15346,0,3369577632
15347,1,3369640497
15348,3,3371531065
15349,1,3372095277
15350,3,3373024096
15351,3,3373074488
15352,3,3373077256
15353,3,3373106400
15354,3,3373171364
15355,1,3374417502
15356,0,3374485390
15357,4,3374915843
15358,1,3375934397
15359,2,3376041221
15360,4,3376747122
15361,1,3376931338
15362,4,3379751802
15363,1,3380637481
15364,3,3380824786
15365,3,3381101839
15366,3,3381122226
15367,4,3381520170
15368,0,3382055239
15369,1,3383744184
15370,1,3383948544
15371,3,3384958320
15372,2,3385851980
15373,4,3386650429
15374,3,3389468493
15375,0,3390087416
15376,3,3391425583
15377,1,3394386791
15378,3,3394618528
15379,3,3394805767
15380,1,3395022096
15381,4,3395428070
15382,3,3395555109
15383,2,3396094765
15384,1,3396248824
15385,1,3397438907
15386,3,3398281435
15387,0,3398755724
15388,1,3401238787
15389,1,3402139266
15390,0,3403321639
15391,0,3403427982
15392,3,3406014878
15393,1,3406158845
15394,1,3408782910
15395,1,3410169230
15396,0,3411416371
15397,4,3411736164
15398,1,3412489643
15399,0,3412795780
15400,1,3412888805
15401,3,3413732581
15402,1,3414765250
15403,4,3416040655
15404,0,3416419604
15405,3,3416623851
15406,0,3416748702
15407,1,3417603409
15408,3,3421169864
15409,0,3422020535
15410,1,3422106044
15411,1,3422380892
15412,3,3422497646
15413,0,3422799695
15414,3,3423639111
15415,4,3424187819
15416,0,3424931679
15417,3,3425752925
15418,0,3426470646
15419,3,3426657078
15420,1,3427806861
15421,3,3427978901
15422,3,3428369410
15423,0,3429079273
15424,4,3430834117
15425,0,3431678699
15426,1,3431821091
15427,3,3432073436
15428,3,3433684625
15429,3,3434924720
15430,1,3437144121
15431,4,3438132143
15432,4,3438435234
15433,4,3438650684
15434,0,3439592808
15435,1,3440313304
15436,3,3440979345
15437,2,3441195946
15438,1,3441670036
15439,1,3441880944
15440,3,3442325035
15441,4,3442552595
15442,3,3442764575
15443,0,3443924780
15444,3,3445001941
15445,0,3445167821
15446,1,3447379241
15447,3,3448965805
15448,1,3449653673
15449,1,3449893519
15450,0,3450337272
15451,4,3450577937
15452,2,3453831788
15453,0,3454717067
15454,2,3455894324
15455,0,3456200627
15456,3,3457369715
15457,3,3459216181
15458,1,3459664241
15459,3,3461258594
15460,1,3461506950
15461,2,3461528787
15462,0,3461608207
15463,0,3462940569
15464,0,3464265047
15465,4,3464628072
15466,0,3465239810
15467,3,3467066809
15468,4,3470176529
15469,1,3470451169
15470,0,3471874298
15471,0,3474230325
15472,3,3474443229
15473,1,3476881039
15474,1,3477489663
15475,3,3479750425
15476,4,3480587322
15477,2,3480858964
15478,3,3482080913
15479,2,3483121845
15480,3,3484593687
15481,1,3484609907
15482,1,3484636183
15483,4,3485413273
15484,0,3485475704
15485,4,3486233530
15486,3,3490386724
15487,3,3490754444
15488,2,3491011758
15489,0,3491252542
15490,1,3492985648
15491,0,3493236815
15492,0,3493237351
15493,3,3493851808
15494,1,3494825738
15495,1,3495144929
15496,0,3495152597
15497,3,3495995884
15498,3,3498651077
15499,4,3499244608
15500,3,3499530159
15501,1,3500071593
15502,4,3501195286
15503,3,3505865991
15504,2,3507503071
15505,2,3509359330
15506,1,3509399759
15507,0,3509944940
15508,1,3510884195
15509,1,3511586892
15510,0,3511921307
15511,2,3512058239
15512,3,3515984894
15513,3,3517255314
15514,1,3519849293
15515,1,3520780345
15516,0,3522861064
15517,4,3523673547
15518,3,3524463533
15519,3,3524729897
15520,3,3524929186
15521,4,3525377239
15522,3,3525979751
15523,3,3526381233
15524,0,3528146495
15525,4,3530375025
15526,0,3533266309
15527,1,3533658224
15528,3,3535449238
15529,0,3537645212
15530,3,3537921402
15531,4,3542023633
15532,2,3543222177
15533,1,3544135826
15534,1,3544164322
15535,0,3544549974
15536,1,3545494751
15537,3,3545667165
15538,3,3545986200
15539,1,3547166971
15540,3,3548980449
15541,4,3548981944
15542,3,3550184991
15543,1,3551237507
15544,1,3552704870
15545,2,3554946190
15546,2,3555079925
15547,1,3555081590
15548,0,3556130465
15549,1,3558455396
15550,1,3559479744
15551,3,3559499044
15552,1,3559742607
15553,4,3559764049
15554,0,3561521209
15555,0,3561523194
15556,2,3562780157
15557,3,3563038095
15558,3,3564245237
15559,3,3566247894
15560,1,3566266462
15561,4,3566304345
15562,2,3567449972
15563,3,3568614787
15564,0,3569196135
15565,2,3569390899
15566,3,3570275484
15567,1,3571103374
15568,3,3573956070
15569,4,3574484280
15570,3,3574813047
15571,3,3574991041
15572,1,3575311109
15573,3,3578848174
15574,0,3578879586
15575,4,3579358305
15576,4,3579855894
15577,3,3580505110
15578,1,3581874453
15579,0,3582482137
15580,3,3582812526
15581,1,3582835929
15582,0,3584914430
15583,0,3586013020
15584,4,3586485819
15585,1,3588303307
15586,2,3588970518
15587,2,3588970555
15588,4,3590252289
15589,0,3591162858
15590,4,3592022361
15591,2,3592339808
15592,3,3592382392
15593,3,3593447833
15594,1,3594049646
15595,1,3594285358
15596,0,3594955779
15597,0,3595049097
15598,1,3596475906
15599,0,3596814637
15600,1,3596934873
15601,3,3598033769
15602,0,3598516976
15603,0,3599126920
15604,4,3599212205
15605,4,3599341285
15606,1,3600098906
15607,1,3602143859
15608,0,3602628298
15609,2,3602741881
15610,3,3602921504
15611,1,3603279389
15612,2,3604325321
15613,3,3604785878
15614,0,3604999627
15615,3,3605233905
15616,1,3605235439
15617,3,3605264431
15618,3,3606344630
15619,2,3606702965
15620,1,3606714337
15621,1,3608425500
15622,4,3608578380
15623,3,3608726015
15624,2,3609319772
15625,2,3610169537
15626,3,3612371357
15627,4,3612643254
15628,2,3613242577
15629,1,3616196687
15630,2,3616628072
15631,1,3617755919
15632,3,3617927642
15633,3,3619377910
15634,0,3621240733
15635,1,3622473286
15636,0,3623214482
15637,4,3623350650
15638,3,3623746112
15639,0,3624883783
15640,3,3625959528
15641,1,3626883579
15642,3,3627323629
15643,3,3628777983
15644,4,3628850183
15645,3,3630984377
15646,1,3631437633
15647,1,3631594431
15648,1,3632733985
15649,2,3633083864
15650,3,3634137896
15651,4,3634167329
15652,4,3637814724
15653,4,3638927535
15654,3,3639642529
15655,1,3641986917
15656,3,3642090973
15657,3,3642493597
15658,1,3642989989
15659,3,3643120500
15660,4,3645247350
15661,2,3646257545
15662,2,3647700707
15663,1,3648780596
15664,0,3650451366
15665,0,3650635542
15666,0,3651064626
15667,1,3652159540
15668,1,3653225922
15669,3,3653489193
15670,0,3653706582
15671,2,3657638984
15672,3,3658138357
15673,3,3660938335
15674,1,3661003372
15675,0,3661311456
15676,2,3661326151
15677,1,3663192596
15678,1,3663803153
15679,3,3664477867
15680,4,3664592530
15681,3,3665464973
15682,1,3665792695
15683,2,3666776140
15684,1,3666864389
15685,1,3667604260
15686,4,3667646735
15687,1,3667860453
15688,1,3671770131
15689,2,3671919186
15690,2,3672188646
15691,3,3672673658
15692,1,3672903322
15693,3,3673842530
15694,3,3674481381
15695,3,3674535255
15696,0,3677070156
15697,1,3677479164
15698,1,3678104585
15699,3,3678389637
15700,1,3678710933
15701,3,3680080204
15702,3,3680213715
15703,0,3681043816
15704,1,3681626759
15705,1,3683656610
15706,3,3683911408
15707,0,3685255788
15708,3,3685452235
15709,4,3685708232
15710,1,3686607712
15711,3,3687005160
15712,2,3688230432
15713,4,3688699515
15714,1,3689221114
15715,1,3689379232
15716,4,3691776393
15717,0,3691964018
15718,3,3692085773
15719,3,3692406355
15720,0,3692731578
15721,0,3694545280
15722,1,3696012924
15723,3,3696280842
15724,3,3698106201
15725,3,3698431719
15726,3,3699354318
15727,3,3699354365
15728,0,3699513084
15729,1,3699719461
15730,0,3701621662
15731,1,3701782684
15732,0,3703468942
15733,0,3705595781
15734,0,3705599395
15735,4,3706139810
15736,1,3706603522
15737,1,3708514904
15738,4,3708744411
15739,0,3711585987
15740,1,3712346634
15741,4,3713578842
15742,4,3715808028
15743,3,3717492811
15744,0,3717928384
15745,3,3720414628
15746,2,3720988455
15747,3,3721389685
15748,3,3721572914
15749,1,3721632667
15750,3,3722216006
15751,3,3724092983
15752,4,3724351103
15753,1,3724524393
15754,3,3725247002
15755,0,3726688410
15756,3,3727663909
15757,1,3728049337
15758,1,3728946003
15759,1,3729281060
15760,3,3729309120
15761,1,3729407382
15762,0,3730033707
15763,4,3730926829
15764,1,3731562365
15765,3,3732669591
15766,2,3732728550
15767,0,3732948511
15768,4,3733099858
15769,0,3733479871
15770,1,3734433868
15771,0,3734591558
15772,0,3737858707
15773,1,3737877551
15774,4,3738375351
15775,4,3741166487
15776,4,3741173369
15777,3,3741826801
15778,1,3741839736
15779,0,3742213354
15780,4,3742395019
15781,2,3743236242
15782,1,3743888240
15783,3,3743942598
15784,3,3744650449
15785,0,3747183696
15786,3,3747407314
15787,2,3749028021
15788,1,3749032408
15789,0,3749432513
15790,1,3751564458
15791,3,3752163900
15792,3,3752636115
15793,4,3753089891
15794,0,3753383808
15795,3,3753701574
15796,1,3753711743
15797,1,3753930269
15798,1,3754188034
15799,1,3754604989
15800,3,3754767868
15801,1,3756622478
15802,4,3757019717
15803,1,3757208674
15804,1,3757412745
15805,1,3760871275
15806,1,3760914657
15807,4,3761994929
15808,3,3765153358
15809,0,3765154600
15810,1,3766341455
15811,0,3767891288
15812,3,3768174175
15813,3,3768174930
15814,4,3768347119
15815,1,3768923504
15816,1,3771140866
15817,3,3771663684
15818,0,3772357052
15819,0,3773010349
15820,1,3773218043
15821,3,3773809286
15822,1,3774500906
15823,1,3774870541
15824,1,3775179686
15825,0,3776902814
15826,4,3778880013
15827,0,3779756820
15828,3,3780306006
15829,3,3780662662
15830,3,3781860835
15831,1,3782194512
15832,3,3783043879
15833,1,3783195750
15834,1,3784691338
15835,2,3784831789
15836,2,3784869859
15837,0,3785004249
15838,4,3786018239
15839,2,3786849422
15840,3,3787491617
15841,1,3787955821
15842,1,3790732764
15843,4,3793015866
15844,4,3793491380
15845,3,3794212280
15846,3,3795380559
15847,0,3795854970
15848,0,3795991827
15849,2,3797001490
15850,3,3797192481
15851,0,3797498517
15852,1,3797628479
15853,2,3798080094
15854,3,3799453609
15855,4,3799612263
15856,1,3799648025
15857,2,3800336607
15858,3,3800963590
15859,2,3801147947
15860,3,3802088278
15861,4,3802105485
15862,1,3802708552
15863,0,3802960777
15864,0,3803169514
15865,0,3803917862
15866,4,3804033058
15867,4,3804033093
15868,4,3804529802
15869,1,3804629610
15870,3,3806583931
15871,4,3808998898
15872,0,3810219915
15873,1,3812794919
15874,0,3814113099
15875,1,3814415574
15876,0,3814581907
15877,1,3816080821
15878,1,3816513602
15879,0,3818815652
15880,0,3820106405
15881,0,3821198552
15882,0,3822559870
15883,1,3823493387
15884,3,3823950083
15885,3,3824101912
15886,4,3825370877
15887,2,3826487110
15888,2,3827779705
15889,3,3829593941
15890,3,3830350083
15891,3,3830712500
15892,0,3831224395
15893,3,3833231149
15894,3,3833395214
15895,3,3833446795
15896,2,3833447295
15897,3,3833541505
15898,3,3834161983
15899,0,3834689180
15900,1,3834816575
15901,0,3836513613
15902,1,3836755941
15903,1,3837266669
15904,1,3837388641
15905,1,3837553108
15906,3,3838424537
15907,1,3839837968
15908,1,3841159568
15909,1,3842678161
15910,4,3843529614
15911,2,3844228329
15912,2,3844228842
15913,3,3846303351
15914,2,3846438250
15915,3,3846839425
15916,2,3848627228
15917,0,3848830689
15918,3,3849170526
15919,2,3849312810
15920,3,3850158095
15921,4,3850878449
15922,1,3851920908
15923,3,3852538684
15924,3,3854292081
15925,2,3854399759
15926,0,3855359410
15927,1,3855640904
15928,0,3855919721
15929,1,3855960324
15930,4,3856108285
15931,3,3856229438
15932,3,3856590772
15933,3,3856720032
15934,0,3857374725
15935,1,3857673874
15936,4,3858244484
15937,3,3858949898
15938,3,3859073783
15939,3,3860207035
15940,1,3860467229
15941,3,3865287667
15942,1,3865732333
15943,4,3866168713
15944,3,3867107973
15945,3,3867239329
15946,4,3867566136
15947,3,3867637744
15948,4,3869210094
15949,1,3869290668
15950,1,3869394765
15951,3,3870122517
15952,1,3871153373
15953,0,3871961693
15954,0,3872512369
15955,3,3872646506
15956,4,3873024440
15957,0,3873664961
15958,3,3874634661
15959,3,3874646605
15960,2,3874660289
15961,0,3875110639
15962,3,3876614939
15963,1,3877189522
15964,3,3877703987
15965,0,3878367087
15966,1,3878400842
15967,4,3878466115
15968,3,3879274497
15969,0,3879532490
15970,3,3879598268
15971,1,3879790125
15972,3,3880226511
15973,2,3880796049
15974,0,3881362158
15975,3,3881695361
15976,0,3881924097
15977,1,3882053919
15978,4,3882818345
15979,1,3882881155
15980,4,3883310557
15981,1,3883320466
15982,1,3883793247
15983,0,3884583872
15984,2,3885431953
15985,1,3885607894
15986,3,3887035914
15987,3,3888144298
15988,0,3888497954
15989,3,3889802544
15990,1,3890442498
15991,1,3890929233
15992,3,3891707911
15993,3,3892022090
15994,4,3894054988
15995,1,3895400038
15996,1,3896603737
15997,3,3896946072
15998,4,3897679743
15999,1,3897927363
16000,1,3899828644
16001,4,3900863911
16002,0,3901286600
16003,3,3902886964
16004,1,3905823194
16005,0,3905918372
16006,1,3907873132
16007,3,3908231111
16008,1,3909187856
16009,3,3909364333
16010,3,3909620974
16011,1,3910385999
16012,2,3913055048
16013,3,3914922004
16014,4,3916540677
16015,1,3917281065
16016,0,3918526355
16017,0,3918552282
16018,1,3918703791
16019,1,3920435195
16020,0,3921543293
16021,1,3922570736
16022,1,3922801979
16023,3,3924536915
16024,1,3924584076
16025,3,3925267490
16026,1,3925482817
16027,3,3927067964
16028,1,3927278590
16029,2,3927286381
16030,2,3927298148
16031,1,3929790413
16032,2,3930978046
16033,3,3931301500
16034,1,3932165342
16035,3,3933029841
16036,4,3933106691
16037,0,3933310533
16038,1,3936399535
16039,1,3936813426
16040,0,3937240761
16041,1,3937622711
16042,0,3937901847
16043,0,3938587186
16044,0,3939499131
16045,1,3940100698
16046,3,3940444396
16047,4,3941011440
16048,1,3941192742
16049,3,3941879777
16050,3,3943438391
16051,3,3943847813
16052,0,3945464411
16053,3,3945556307
16054,1,3945653859
16055,3,3946808438
16056,3,3948232421
16057,0,3948971522
16058,3,3949562255
16059,2,3949690298
16060,1,3949923927
16061,1,3951202565
16062,4,3951219336
16063,3,3951220842
16064,1,3954304688
16065,1,3955231550
16066,3,3956726247
16067,1,3957262215
16068,0,3957927535
16069,0,3958116250
16070,2,3960414384
16071,1,3960487329
16072,1,3961681807
16073,3,3961816560
16074,1,3962468268
16075,3,3962880742
16076,1,3964869510
16077,1,3966964029
16078,0,3967085669
16079,2,3969434682
16080,0,3969941425
16081,3,3971892203
16082,1,3972240470
16083,0,3974181409
16084,3,3974981233
16085,1,3976079929
16086,1,3976101761
16087,0,3977590986
16088,1,3979641394
16089,3,3981927359
16090,4,3984515492
16091,1,3987588464
16092,1,3988717607
16093,0,3990205151
16094,1,3994790603
16095,1,3994814138
16096,3,3995318136
16097,4,3996982173
16098,1,3997813296
16099,1,3997875568
16100,3,3998328789
16101,1,3999498253
16102,4,3999568246
16103,1,4002289532
16104,1,4005972326
16105,0,4007114960
16106,1,4007197772
16107,3,4007293016
16108,1,4007478312
16109,3,4007551651
16110,2,4008215671
16111,4,4009255045
16112,1,4009364269
16113,0,4010283006
16114,0,4011968165
16115,1,4013020139
16116,1,4014031362
16117,4,4015883292
16118,2,4015966674
16119,1,4017052714
16120,1,4018798966
16121,3,4021789406
16122,1,4023433898
16123,3,4023434330
16124,3,4023462247
16125,4,4023734168
16126,3,4024917385
16127,2,4027152442
16128,3,4028744281
16129,4,4029124560
16130,3,4029174334
16131,0,4030459421
16132,1,4032145269
16133,3,4032421173
16134,3,4032657933
16135,1,4034348606
16136,2,4034485681
16137,1,4034742760
16138,0,4037493168
16139,1,4038834151
16140,0,4038914810
16141,2,4039058767
16142,0,4039067305
16143,0,4039398316
16144,1,4039730180
16145,4,4039929159
16146,0,4040105026
16147,3,4040184459
16148,1,4040383058
16149,0,4040471329
16150,3,4040890573
16151,1,4041014359
16152,2,4041160653
16153,4,4041372696
16154,4,4041599252
16155,0,4041883060
16156,1,4042244862
16157,1,4042317583
16158,3,4042375994
16159,0,4043501165
16160,0,4043805229
16161,0,4044262507
16162,0,4044265230
16163,3,4045057848
16164,4,4046472596
16165,4,4046576439
16166,0,4047737342
16167,0,4049558115
16168,3,4050501042
16169,4,4052817818
16170,1,4053293750
16171,1,4054399324
16172,2,4054546320
16173,4,4054909415
16174,0,4055661260
16175,3,4055682963
16176,1,4056584916
16177,1,4056684506
16178,0,4057240199
16179,1,4057354766
16180,3,4058477915
16181,3,4059019734
16182,3,4059533480
16183,0,4060042829
16184,1,4060236312
16185,4,4060375887
16186,2,4061220560
16187,1,4063608851
16188,4,4064523965
16189,3,4064630283
16190,3,4065424288
16191,3,4066687841
16192,3,4067569173
16193,0,4068458589
16194,4,4069191681
16195,2,4069926738
16196,0,4074522859
16197,3,4075505600
16198,2,4078083557
16199,4,4079861435
16200,0,4081012245
16201,1,4082115891
16202,2,4083589202
16203,0,4084693227
16204,1,4084745567
16205,2,4086131682
16206,0,4087736406
16207,3,4089418020
16208,3,4089744915
16209,0,4092119859
16210,1,4093686912
16211,2,4095084347
16212,3,4095742662
16213,1,4096643380
16214,4,4096790825
16215,1,4097384561
16216,0,4098623505
16217,3,4101626765
16218,3,4102072036
16219,1,4102993709
16220,0,4103286030
16221,1,4103371804
16222,1,4105318363
16223,3,4106262988
16224,4,4106610352
16225,3,4106758460
16226,0,4108003073
16227,3,4109405919
16228,3,4109725134
16229,3,4109759599
16230,1,4110491208
16231,1,4113000029
16232,3,4113072097
16233,0,4113319245
16234,0,4113826600
16235,2,4114949765
16236,1,4115499814
16237,0,4115503379
16238,3,4115883995
16239,0,4116279790
16240,1,4116743830
16241,4,4117350955
16242,2,4117558819
16243,4,4117614676
16244,1,4120751578
16245,3,4120989758
16246,3,4121937603
16247,3,4122231480
16248,2,4123648238
16249,3,4124882629
16250,1,4125183651
16251,1,4125306760
16252,0,4125610998
16253,1,4125698285
16254,4,4125926588
16255,1,4126340335
16256,3,4126414360
16257,0,4126834017
16258,4,4127775883
16259,0,4131466326
16260,0,4134606180
16261,0,4134837845
16262,0,4135316611
16263,4,4136050386
16264,3,4136291154
16265,3,4136930255
16266,0,4138475377
16267,3,4138714470
16268,3,4138718949
16269,4,4138820666
16270,3,4139199191
16271,3,4139199751
16272,4,4139960261
16273,2,4141238283
16274,1,4142084896
16275,4,4142749963
16276,0,4143200133
16277,0,4144280812
16278,4,4148108222
16279,3,4148109265
16280,4,4148353089
16281,1,4149879213
16282,1,4149881363
16283,0,4151196115
16284,3,4152784582
16285,3,4153405082
16286,0,4154095872
16287,1,4156430793
16288,0,4160171407
16289,3,4160843867
16290,1,4161692327
16291,1,4161895275
16292,1,4162095697
16293,4,4162253598
16294,1,4162859862
16295,0,4162935567
16296,1,4163334126
16297,2,4164442834
16298,2,4164980283
16299,1,4165403571
16300,1,4166562940
16301,4,4166656817
16302,3,4167184296
16303,3,4167653979
16304,1,4169653611
16305,0,4169909207
16306,4,4170371690
16307,3,4170575789
16308,1,4171053792
16309,3,4171888213
16310,1,4172603523
16311,3,4173856574
16312,3,4175411484
16313,0,4176127741
16314,1,4177273003
16315,2,4177289291
16316,0,4177388286
16317,2,4177485715
16318,0,4177501452
16319,0,4179238528
16320,0,4179608537
16321,0,4180650455
16322,0,4182988584
16323,1,4183035481
16324,4,4185479567
16325,3,4186151037
16326,3,4187148648
16327,3,4187150676
16328,3,4187421228
16329,3,4187471025
16330,4,4188577676
16331,3,4188589918
16332,0,4189984536
16333,4,4191985005
16334,3,4192614227
16335,4,4193205352
16336,1,4193555316
16337,2,4194374787
16338,3,4194458097
16339,1,4194834155
16340,1,4195766896
16341,4,4196237670
16342,2,4197961723
16343,3,4198143243
16344,0,4199621373
16345,1,4200194959
16346,2,4200278173
16347,1,4201977538
16348,0,4202011856
16349,0,4202033742
16350,0,4202072599
16351,0,4202618964
16352,1,4202938468
16353,1,4203015642
16354,3,4204054374
16355,1,4204590094
16356,1,4206006573
16357,2,4206066069
16358,2,4206252270
16359,3,4206726126
16360,2,4207339723
16361,1,4207634743
16362,1,4207923520
16363,4,4208713567
16364,0,4209419489
16365,3,4209761556
16366,0,4209910470
16367,0,4210781353
16368,3,4211734947
16369,3,4211890851
16370,1,4212061152
16371,1,4213757456
16372,0,4214082997
16373,3,4216808228
16374,1,4217225219
16375,3,4217470202
16376,0,4217515658
16377,1,4217851346
16378,4,4218989325
16379,3,4220145248
16380,4,4220332318
16381,0,4220495704
16382,0,4222901915
16383,3,4223506195
16384,3,4223768264
16385,1,4224787570
16386,3,4226553801
16387,3,4227379131
16388,3,4229744146
16389,0,4231357833
16390,1,4231752541
16391,2,4232542847
16392,4,4233197550
16393,4,4233341273
16394,4,4233341349
16395,1,4234772603
16396,0,4235351638
16397,1,4235605880
16398,1,4235871958
16399,4,4236072547
16400,1,4236489275
16401,3,4236623633
16402,0,4237123886
16403,2,4237125053
16404,0,4237126543
16405,0,4239441270
16406,0,4239452223
16407,3,4239457385
16408,4,4240000105
16409,3,4240769207
16410,1,4241808203
16411,0,4244187189
16412,1,4244678047
16413,1,4245547933
16414,1,4246179310
16415,3,4248268658
16416,1,4250068908
16417,1,4251113780
16418,0,4252219497
16419,4,4252501507
16420,1,4253503141
16421,1,4254373548
16422,3,4255639576
16423,1,4256429003
16424,3,4256725204
16425,1,4256920963
16426,4,4257505321
16427,3,4257642354
16428,1,4258122725
16429,3,4258243839
16430,4,4258909715
16431,3,4260362702
16432,0,4260383953
16433,4,4260882817
16434,3,4260997486
16435,1,4261904000
16436,0,4264417681
16437,3,4265441297
16438,2,4265458535
16439,1,4266042937
16440,2,4266724449
16441,3,4267350429
16442,1,4267924542
16443,0,4268251385
16444,0,4271672571
16445,3,4273436490
16446,2,4273602078
16447,0,4275397131
16448,2,4276080764
16449,0,4276495788
16450,4,4276633274
16451,1,4276650214
16452,1,4279296773
16453,4,4279668390
16454,1,4280234865
16455,2,4282546432
16456,0,4283545810
16457,1,4285377392
16458,3,4285504801
16459,2,4286583870
16460,2,4286584200
16461,3,4288568743
16462,1,4291688747
16463,1,4292921016
16464,3,4293022467
16465,3,4293520563
16466,3,4294498980
16467,0,4296730774
16468,3,4298056635
16469,1,4298479085
16470,0,4299329353
16471,0,4300898564
16472,1,4301299463
16473,3,4302257766
16474,1,4302855144
16475,0,4303111768
16476,1,4303538339
16477,3,4304340626
16478,1,4304710825
16479,2,4306744897
16480,0,4306949246
16481,3,4308310427
16482,3,4311428405
16483,0,4312349602
16484,1,4313576436
16485,1,4313850149
16486,3,4313993791
16487,3,4314251765
16488,3,4314923515
16489,1,4315307201
16490,1,4316418296
16491,4,4316799609
16492,1,4317594547
16493,4,4319171566
16494,3,4321046999
16495,1,4323581160
16496,1,4324500677
16497,4,4326264101
16498,1,4326358110
16499,1,4326516255
16500,3,4329408518
16501,1,4329643230
16502,1,4332147406
16503,3,4332783640
16504,3,4333644976
16505,0,4333898787
16506,0,4334473067
16507,4,4337013496
16508,3,4337497936
16509,1,4337502674
16510,3,4338223480
16511,0,4338895523
16512,2,4338928706
16513,1,4339042877
16514,0,4340189928
16515,3,4341250176
16516,2,4341431573
16517,2,4342402207
16518,3,4342410038
16519,2,4343260066
16520,4,4343625315
16521,2,4343708043
16522,0,4343900995
16523,1,4345988245
16524,1,4346546932
16525,1,4347268893
16526,1,4350731441
16527,1,4352064885
16528,1,4353267705
16529,3,4353371123
16530,1,4353574024
16531,3,4355901538
16532,4,4357552264
16533,0,4358905177
16534,3,4359658832
16535,1,4359915274
16536,2,4360031048
16537,4,4362946392
16538,1,4364771801
16539,0,4365889975
16540,4,4368020642
16541,1,4368492840
16542,3,4368605254
16543,2,4368756660
16544,3,4368763878
16545,1,4369684449
16546,1,4371451555
16547,3,4371681582
16548,0,4371964809
16549,3,4372092086
16550,1,4374716004
16551,3,4374720656
16552,2,4376041141
16553,4,4376295672
16554,3,4376768522
16555,4,4376859344
16556,1,4377903938
16557,3,4378362104
16558,1,4378480908
16559,0,4379065373
16560,1,4380613822
16561,4,4381811309
16562,3,4381853328
16563,0,4382862607
16564,2,4383037784
16565,0,4386189565
16566,3,4386488161
16567,1,4387983224
16568,1,4388565933
16569,3,4388757495
16570,3,4389096270
16571,1,4391506227
16572,1,4391557561
16573,3,4392604905
16574,0,4393690859
16575,1,4394362406
16576,3,4394572741
16577,1,4395363512
16578,3,4395681250
16579,4,4396597991
16580,1,4396834780
16581,0,4399756768
16582,1,4400554925
16583,2,4402204364
16584,3,4404761496
16585,4,4406106262
16586,3,4407084034
16587,3,4407199498
16588,0,4407588557
16589,1,4409363684
16590,4,4409473947
16591,3,4409970602
16592,1,4410580783
16593,3,4410692522
16594,0,4411033638
16595,2,4412764209
16596,3,4413170915
16597,0,4413291597
16598,3,4413625115
16599,3,4413952057
16600,4,4414189649
16601,1,4414906219
16602,3,4415354175
16603,1,4416128139
16604,3,4420082691
16605,1,4420620909
16606,1,4423721775
16607,1,4424728337
16608,3,4425798289
16609,1,4426573536
16610,0,4427550451
16611,1,4428438473
16612,3,4431949439
16613,0,4433305654
16614,0,4433956058
16615,0,4436822206
16616,1,4436951279
16617,1,4437184189
16618,1,4437447837
16619,0,4437456007
16620,3,4441875896
16621,1,4443115149
16622,3,4445011901
16623,1,4445398456
16624,1,4445760096
16625,2,4448258214
16626,1,4448556451
16627,1,4448818022
16628,4,4450282865
16629,3,4451303455
16630,1,4451409766
16631,1,4451417259
16632,3,4452502816
16633,0,4453679166
16634,3,4455276434
16635,3,4455366821
16636,1,4456437831
16637,2,4456979794
16638,1,4457905316
16639,2,4458291200
16640,4,4458623696
16641,3,4458854498
16642,0,4459435050
16643,3,4462190526
16644,1,4462687910
16645,3,4463522666
16646,4,4463877654
16647,4,4465982989
16648,2,4467556633
16649,2,4468100380
16650,0,4468125947
16651,4,4470092305
16652,0,4470581634
16653,0,4471784599
16654,4,4473418135
16655,1,4475968997
16656,1,4476627708
16657,3,4476857935
16658,1,4477441403
16659,1,4477992400
16660,3,4478390645
16661,2,4479452889
16662,1,4480092692
16663,1,4481663355
16664,4,4482308162
16665,3,4483131452
16666,0,4484211666
16667,3,4484977655
16668,4,4485289082
16669,3,4488717205
16670,1,4489300154
16671,1,4489519363
16672,3,4492122487
16673,1,4492128916
16674,3,4493338828
16675,2,4496334337
16676,3,4496410540
16677,4,4496719639
16678,1,4498187587
16679,3,4499234654
16680,4,4499378334
16681,3,4501066743
16682,4,4501223378
16683,4,4501405058
16684,1,4502127589
16685,2,4505817345
16686,4,4507251643
16687,1,4507503640
16688,1,4508393322
16689,1,4509392880
16690,1,4509821839
16691,0,4510808313
16692,2,4510854827
16693,4,4510941601
16694,0,4514046620
16695,1,4515427239
16696,0,4515561478
16697,3,4516946509
16698,4,4517375694
16699,0,4518288817
16700,1,4518389744
16701,1,4523210838
16702,2,4525458843
16703,3,4525809346
16704,3,4525966764
16705,3,4527119015
16706,2,4527839506
16707,1,4528682199
16708,1,4528920074
16709,1,4532825691
16710,3,4537495624
16711,1,4540047278
16712,1,4541122753
16713,1,4541245642
16714,1,4541972798
16715,4,4542371040
16716,1,4542811800
16717,1,4545451448
16718,2,4545926648
16719,1,4545956438
16720,3,4546073222
16721,0,4546270464
16722,3,4547693542
16723,3,4550818243
16724,1,4550866969
16725,3,4551840263
16726,2,4551871154
16727,4,4553229104
16728,1,4553371946
16729,3,4555116718
16730,1,4555745259
16731,4,4556170915
16732,1,4557660272
16733,4,4557927376
16734,3,4557934793
16735,0,4559352674
16736,3,4559807413
16737,0,4561308102
16738,2,4561947308
16739,3,4562352507
16740,1,4562538951
16741,3,4562736852
16742,1,4564050744
16743,3,4564082652
16744,3,4568517028
16745,3,4569030574
16746,1,4569427194
16747,3,4571782197
16748,0,4572985670
16749,3,4572998521
16750,0,4574884433
16751,1,4576323229
16752,1,4576627729
16753,4,4577580347
16754,2,4578905567
16755,2,4578911996
16756,2,4580195231
16757,2,4580197412
16758,2,4580204844
16759,2,4580994375
16760,0,4581144545
16761,1,4581623358
16762,1,4581732263
16763,2,4581745411
16764,1,4582378061
16765,4,4582574519
16766,2,4582595496
16767,3,4584792482
16768,1,4584801431
16769,1,4584863602
16770,1,4585264582
16771,1,4586489604
16772,0,4586600915
16773,3,4586832613
16774,3,4588041684
16775,3,4588698277
16776,1,4589565224
16777,3,4590161620
16778,4,4590190172
16779,3,4592325949
16780,1,4592732540
16781,1,4593132269
16782,4,4594321329
16783,3,4594785759
16784,1,4596084992
16785,1,4596290142
16786,1,4598140905
16787,1,4599096637
16788,1,4599242176
16789,3,4599312656
16790,3,4600987123
16791,4,4601722974
16792,3,4602977076
16793,1,4603389639
16794,4,4604464721
16795,3,4604825506
16796,1,4605390449
16797,3,4605765422
16798,1,4606739570
16799,1,4610533528
16800,1,4611281010
16801,2,4611426658
16802,4,4611940673
16803,3,4612168800
16804,0,4612609198
16805,0,4613434560
16806,3,4613615743
16807,1,4613924840
16808,0,4617081477
16809,3,4617869690
16810,3,4618013395
16811,0,4622877399
16812,1,4622993011
16813,3,4623112092
16814,4,4623289212
16815,0,4625565662
16816,0,4625595500
16817,1,4626388174
16818,3,4626947339
16819,1,4627859390
16820,0,4631113743
16821,3,4631891813
16822,3,4632605243
16823,3,4632682729
16824,0,4633238035
16825,1,4633347984
16826,4,4633537511
16827,3,4633639431
16828,3,4634009896
16829,1,4635454838
16830,4,4636571896
16831,3,4638444385
16832,4,4639162637
16833,4,4640023098
16834,1,4640729279
16835,1,4642007406
16836,1,4642266665
16837,4,4643238713
16838,1,4643899523
16839,0,4644279866
16840,0,4644300268
16841,2,4644784286
16842,4,4645477873
16843,0,4646258353
16844,3,4646608864
16845,4,4647410902
16846,0,4650087022
16847,0,4651049708
16848,4,4651999705
16849,1,4652292955
16850,3,4653114220
16851,4,4653426761
16852,1,4653632806
16853,3,4655937170
16854,2,4656263986
16855,3,4656551931
16856,0,4657209141
16857,1,4659088353
16858,4,4661429020
16859,0,4661768360
16860,1,4661966587
16861,2,4663666839
16862,0,4664239475
16863,4,4664802298
16864,3,4664814915
16865,1,4664932674
16866,1,4665070016
16867,3,4665622424
16868,4,4665868250
16869,0,4668950674
16870,3,4669845186
16871,3,4671444739
16872,0,4671573980
16873,3,4672398374
16874,3,4672547179
16875,1,4674918771
16876,4,4675203336
16877,1,4675374291
16878,1,4676412410
16879,2,4676412431
16880,2,4679522242
16881,3,4680577039
16882,3,4680836640
16883,0,4681738535
16884,3,4682518959
16885,2,4683675476
16886,3,4687142469
16887,1,4687431738
16888,4,4688728918
16889,1,4689117644
16890,3,4689410658
16891,3,4689762905
16892,4,4690477850
16893,3,4691124064
16894,3,4691178864
16895,0,4691314823
16896,0,4691656054
16897,0,4691657822
16898,1,4691717821
16899,3,4691724428
16900,2,4692137164
16901,2,4693920496
16902,2,4694512134
16903,2,4696060119
16904,1,4696713704
16905,3,4699340252
16906,0,4699932637
16907,2,4701519417
16908,1,4701841293
16909,1,4704448284
16910,1,4704719739
16911,1,4705028039
16912,0,4705947857
16913,3,4706003120
16914,0,4706791723
16915,3,4708252028
16916,0,4708474523
16917,0,4709374162
16918,0,4709498630
16919,3,4712320236
16920,1,4712926543
16921,4,4713425744
16922,3,4716688221
16923,4,4716846435
16924,0,4717184679
16925,1,4718021193
16926,3,4718230049
16927,4,4721405731
16928,1,4721538563
16929,3,4724344058
16930,4,4724450817
16931,3,4724908090
16932,1,4726078763
16933,1,4727374049
16934,1,4728325886
16935,4,4729701424
16936,3,4730042131
16937,1,4731322229
16938,4,4731593760
16939,1,4731697878
16940,0,4732378469
16941,1,4733131189
16942,4,4733974118
16943,4,4734024194
16944,0,4736045303
16945,3,4736806879
16946,2,4737209823
16947,4,4737883138
16948,4,4739798573
16949,0,4742006031
16950,2,4742331654
16951,3,4743696740
16952,1,4743799155
16953,1,4744936284
16954,3,4745960679
16955,3,4746234082
16956,3,4748552637
16957,0,4749102541
16958,4,4749614306
16959,3,4749880931
16960,3,4752150644
16961,0,4753752581
16962,4,4756099923
16963,3,4758817180
16964,3,4760881924
16965,1,4762917699
16966,3,4765007830
16967,2,4768864644
16968,0,4770075161
16969,4,4770338217
16970,0,4771191045
16971,3,4771197998
16972,1,4771865184
16973,0,4773582971
16974,1,4775552160
16975,3,4777120197
16976,1,4777219870
16977,1,4779900228
16978,1,4780353823
16979,3,4780354049
16980,0,4781775572
16981,3,4782495648
16982,1,4782949964
16983,1,4783672803
16984,0,4783814089
16985,3,4783956486
16986,4,4784298032
16987,2,4784653829
16988,4,4785162160
16989,1,4786067383
16990,1,4786206765
16991,3,4787724863
16992,1,4787906296
16993,3,4787959214
16994,1,4788938320
16995,4,4791798045
16996,0,4792159159
16997,2,4792653874
16998,1,4794277660
16999,4,4795316316
17000,1,4796416799
17001,1,4797289060
17002,1,4798223809
17003,3,4798437720
17004,2,4798681927
17005,4,4799551406
17006,1,4800935326
17007,0,4801051117
17008,2,4801055986
17009,3,4801737083
17010,0,4801969482
17011,4,4804386722
17012,3,4804390339
17013,2,4804811416
17014,1,4804812108
17015,1,4805028768
17016,2,4805649233
17017,1,4805677273
17018,2,4805783406
17019,1,4808358232
17020,3,4809835460
17021,1,4811892951
17022,3,4814595825
17023,3,4816008305
17024,3,4816178250
17025,1,4816283140
17026,0,4818121018
17027,3,4820090239
17028,1,4820648632
17029,0,4822257868
17030,1,4822434231
17031,4,4823184716
17032,0,4823806200
17033,4,4823998386
17034,1,4825290221
17035,1,4825819243
17036,0,4825831357
17037,1,4826557592
17038,4,4827035873
17039,3,4827107107
17040,0,4829860106
17041,3,4830126395
17042,0,4831329752
17043,2,4832072471
17044,0,4832231459
17045,4,4834043154
17046,3,4837470005
17047,1,4838946605
17048,0,4840647215
17049,1,4841820431
17050,4,4842631331
17051,1,4842762419
17052,0,4847157176
17053,1,4847459702
17054,0,4850087439
17055,3,4850258210
17056,3,4850272174
17057,3,4850416325
17058,4,4851411987
17059,1,4852333510
17060,3,4852683960
17061,4,4855832118
17062,1,4855917947
17063,3,4857121316
17064,1,4858375394
17065,2,4859677050
17066,4,4860119746
17067,1,4860583581
17068,1,4860587305
17069,2,4861073841
17070,0,4861999839
17071,3,4862157598
17072,4,4862798534
17073,0,4863189997
17074,3,4863261661
17075,1,4863512811
17076,1,4863992211
17077,1,4864046142
17078,1,4865209018
17079,2,4865444871
17080,1,4865868683
17081,3,4866209590
17082,1,4867262958
17083,2,4867636522
17084,3,4868475012
17085,1,4868822037
17086,0,4872229082
17087,3,4872462325
17088,1,4874139572
17089,3,4878198901
17090,4,4879685797
17091,2,4880139907
17092,1,4882209754
17093,3,4882547222
17094,1,4883818666
17095,3,4887131924
17096,4,4887205968
17097,2,4887225819
17098,1,4887703729
17099,1,4888825758
17100,3,4889013625
17101,0,4890633206
17102,1,4891696632
17103,3,4892027973
17104,3,4893198071
17105,1,4894038739
17106,0,4894873285
17107,3,4895203584
17108,3,4896246094
17109,3,4896557560
17110,3,4897574887
17111,2,4897665383
17112,1,4897751784
17113,3,4899889429
17114,0,4900022905
17115,1,4900704774
17116,1,4901170594
17117,3,4901363637
17118,2,4901523937
17119,1,4902020430
17120,0,4902286757
17121,1,4903574830
17122,0,4904114145
17123,4,4909814495
17124,4,4909925939
17125,4,4910328110
17126,3,4912316049
17127,3,4912318087
17128,1,4912622686
17129,1,4912680301
17130,4,4913912074
17131,3,4914552126
17132,1,4915650314
17133,2,4916798063
17134,4,4918983082
17135,0,4920254623
17136,2,4921201233
17137,3,4921772491
17138,2,4921970354
17139,2,4922214572
17140,1,4923032932
17141,2,4923908483
17142,1,4926085280
17143,0,4926475945
17144,0,4926554670
17145,1,4926898008
17146,4,4927810672
17147,4,4927860403
17148,2,4931736963
17149,4,4931936482
17150,3,4932111930
17151,1,4932271508
17152,1,4933130467
17153,4,4933889278
17154,4,4934442469
17155,4,4935066498
17156,3,4935246291
17157,2,4936925070
17158,3,4937516241
17159,0,4939923570
17160,4,4940083395
17161,1,4940285604
17162,2,4940951183
17163,4,4943353407
17164,3,4945670268
17165,1,4946083423
17166,0,4946476417
17167,1,4948778815
17168,1,4948778851
17169,0,4949570023
17170,0,4950188736
17171,1,4950313849
17172,3,4954226777
17173,3,4954255823
17174,4,4955944676
17175,3,4956871773
17176,3,4958813166
17177,3,4963545044
17178,2,4963626254
17179,4,4965707902
17180,4,4966638132
17181,0,4968344953
17182,3,4968545815
17183,3,4969202034
17184,3,4971308850
17185,2,4971562706
17186,1,4972075179
17187,4,4972478878
17188,3,4972862883
17189,1,4974712646
17190,1,4975074206
17191,4,4975593185
17192,1,4978709756
17193,0,4980300631
17194,3,4980581407
17195,0,4982470600
17196,4,4982934104
17197,4,4983203561
17198,1,4983746550
17199,1,4983998210
17200,0,4984348370
17201,1,4984480329
17202,1,4985406360
17203,2,4985895040
17204,0,4985898598
17205,0,4986942696
17206,3,4987814438
17207,1,4989225033
17208,4,4989226158
17209,0,4989257800
17210,1,4992528101
17211,1,4997949085
17212,2,4998595037
17213,0,4999709371
17214,0,4999712410
17215,1,4999720583
17216,0,5002498914
17217,1,5002499916
17218,3,5002926276
17219,3,5003547074
17220,0,5005052848
17221,2,5005658066
17222,0,5007012618
17223,3,5007071420
17224,3,5007270949
17225,4,5008269678
17226,3,5009954809
17227,3,5012063543
17228,3,5012246131
17229,3,5012658152
17230,1,5012980695
17231,3,5014219991
17232,1,5014385013
17233,3,5014420055
17234,3,5014758791
17235,4,5014968098
17236,1,5015677426
17237,1,5016536905
17238,2,5017325552
17239,3,5017325663
17240,0,5018064654
17241,3,5019263607
17242,3,5019378644
17243,3,5019703152
17244,1,5020027294
17245,4,5021056023
17246,0,5022497013
17247,1,5023792839
17248,1,5024378200
17249,3,5026250526
17250,0,5029216029
17251,1,5031276672
17252,1,5031805809
17253,3,5032600017
17254,3,5032851912
17255,2,5033105187
17256,2,5033110223
17257,3,5034422869
17258,0,5034776096
17259,3,5036044943
17260,3,5037145756
17261,1,5037269771
17262,3,5037907420
17263,3,5038916145
17264,2,5040581554
17265,3,5041200758
17266,3,5042357149
17267,1,5043925971
17268,2,5045051354
17269,4,5045313352
17270,4,5046640956
17271,3,5048301912
17272,1,5048519814
17273,1,5050441829
17274,4,5051087023
17275,3,5051932933
17276,1,5052403463
17277,3,5053250395
17278,1,5053481352
17279,0,5053917095
17280,3,5055431013
17281,1,5057357264
17282,1,5057534557
17283,1,5057627465
17284,3,5058166335
17285,0,5058506983
17286,2,5058811786
17287,2,5059749602
17288,2,5059865449
17289,0,5062615144
17290,0,5062782983
17291,1,5062985501
17292,1,5063333281
17293,1,5067647571
17294,0,5067824714
17295,2,5069685233
17296,4,5070042298
17297,4,5070508625
17298,2,5071161573
17299,1,5071644560
17300,0,5071920143
17301,0,5072030747
17302,3,5074090299
17303,4,5075882716
17304,0,5076427058
17305,4,5078768377
17306,2,5079007555
17307,0,5079873584
17308,1,5081815920
17309,3,5081855609
17310,3,5083440309
17311,1,5083631922
17312,3,5085546232
17313,0,5088017951
17314,0,5088242131
17315,3,5089507267
17316,3,5089551790
17317,0,5089708804
17318,3,5092281899
17319,0,5092340405
17320,0,5092558852
17321,2,5093975769
17322,1,5094164434
17323,4,5094687991
17324,3,5095201910
17325,0,5096883783
17326,0,5097706239
17327,1,5098305895
17328,3,5099177662
17329,1,5099836693
17330,4,5101618820
17331,1,5102922539
17332,3,5103172238
17333,1,5104884212
17334,1,5105067361
17335,3,5106800561
17336,0,5108983656
17337,3,5109833671
17338,0,5109847652
17339,1,5111133720
17340,0,5112652616
17341,1,5112672790
17342,1,5113278380
17343,1,5114555805
17344,0,5115917031
17345,1,5116116557
17346,0,5116843114
17347,3,5117889893
17348,3,5118368594
17349,3,5118369331
17350,3,5118639664
17351,0,5119373444
17352,3,5120297059
17353,0,5120669199
17354,3,5120804567
17355,3,5120981930
17356,0,5121891506
17357,1,5122625253
17358,0,5123184054
17359,1,5124417433
17360,1,5125341305
17361,3,5128544422
17362,3,5129557257
17363,2,5132628808
17364,2,5132636131
17365,4,5132709287
17366,2,5133652122
17367,2,5133776708
17368,3,5135434778
17369,3,5136854976
17370,2,5139344153
17371,4,5139558377
17372,0,5141553717
17373,4,5142024906
17374,3,5143713223
17375,1,5143713377
17376,4,5144251307
17377,4,5144433828
17378,3,5144843433
17379,2,5145103918
17380,2,5145320776
17381,4,5146310417
17382,1,5147541484
17383,4,5148425125
17384,0,5148767777
17385,3,5148825753
17386,4,5149729432
17387,3,5150209171
17388,2,5150295083
17389,4,5151379060
17390,3,5151753696
17391,4,5152599123
17392,1,5154295664
17393,4,5154529861
17394,0,5155249619
17395,2,5156151343
17396,1,5156797094
17397,3,5156817478
17398,3,5159675949
17399,1,5163391572
17400,3,5166970504
17401,3,5168505152
17402,1,5168761140
17403,4,5169827230
17404,1,5170195562
17405,3,5172385621
17406,1,5173099539
17407,2,5174264958
17408,1,5179351937
17409,4,5181130041
17410,3,5181870779
17411,1,5183610559
17412,0,5185221380
17413,0,5185327272
17414,0,5185669541
17415,3,5186114337
17416,1,5186357609
17417,3,5186357700
17418,3,5187485156
17419,1,5188031419
17420,0,5189372269
17421,3,5189628778
17422,2,5189733332
17423,3,5191105978
17424,1,5191733038
17425,3,5193582097
17426,1,5193940405
17427,3,5194687522
17428,4,5195697252
17429,2,5195873158
17430,0,5198457548
17431,3,5199301176
17432,2,5199542735
17433,3,5202466686
17434,4,5203481086
17435,1,5206757429
17436,1,5206889504
17437,2,5207112428
17438,3,5207917532
17439,1,5208076858
17440,3,5208571341
17441,3,5208729084
17442,1,5209000842
17443,0,5209066446
17444,1,5210574170
17445,2,5210746115
17446,3,5212447212
17447,0,5213157180
17448,1,5214358035
17449,3,5214814390
17450,0,5218550519
17451,0,5219706451
17452,4,5221188876
17453,3,5221506498
17454,2,5221939810
17455,3,5222201817
17456,0,5222844720
17457,0,5222865766
17458,3,5224283809
17459,1,5225078067
17460,2,5226150437
17461,2,5226654983
17462,0,5227090106
17463,1,5227092868
17464,2,5228782786
17465,3,5231230650
17466,0,5231340389
17467,0,5231623783
17468,3,5231766105
17469,1,5232214571
17470,4,5232284747
17471,0,5232603351
17472,1,5233098011
17473,1,5234627076
17474,3,5234753416
17475,1,5235839689
17476,3,5236971054
17477,1,5237171728
17478,1,5237945850
17479,0,5240180180
17480,4,5240792652
17481,3,5241494710
17482,3,5241968070
17483,3,5243911208
17484,3,5244403875
17485,3,5246835570
17486,1,5246973180
17487,0,5249969154
17488,3,5250583249
17489,1,5251305042
17490,1,5251751836
17491,1,5252140352
17492,1,5252735002
17493,1,5253328813
17494,3,5254667564
17495,0,5254778340
17496,1,5254794196
17497,3,5257229642
17498,1,5257645927
17499,1,5257737862
17500,4,5258940774
17501,1,5258952447
17502,4,5259027327
17503,4,5259815805
17504,0,5261190503
17505,1,5262579198
17506,4,5264683075
17507,4,5264848520
17508,4,5265041708
17509,0,5265908946
17510,3,5266477987
17511,1,5266503570
17512,3,5268327442
17513,0,5270683433
17514,1,5272846067
17515,1,5274004897
17516,1,5274011101
17517,3,5276406559
17518,0,5276688278
17519,0,5277520433
17520,1,5278254527
17521,1,5279296717
17522,3,5279669235
17523,0,5280586290
17524,4,5281166480
17525,1,5281357977
17526,1,5281385052
17527,4,5281385275
17528,4,5283288113
17529,3,5284318659
17530,3,5284809785
17531,0,5288579598
17532,3,5289202011
17533,3,5291177603
17534,3,5293446068
17535,4,5293796935
17536,0,5294248474
17537,1,5294831068
17538,4,5295047169
17539,2,5297355468
17540,3,5298230290
17541,1,5298588973
17542,4,5298750823
17543,4,5299053902
17544,1,5299190937
17545,3,5299529517
17546,1,5299926107
17547,3,5299953268
17548,3,5300167702
17549,1,5301862294
17550,4,5304045325
17551,3,5305239185
17552,2,5305343488
17553,3,5306319803
17554,3,5306711334
17555,1,5309077729
17556,3,5310479850
17557,3,5311935582
17558,0,5314602685
17559,3,5314708237
17560,3,5314765694
17561,0,5314963611
17562,4,5316695699
17563,1,5317356998
17564,2,5317385891
17565,0,5317612843
17566,1,5317761395
17567,3,5321242041
17568,1,5321993157
17569,1,5322774366
17570,1,5323346354
17571,3,5323431236
17572,1,5323745085
17573,3,5324641272
17574,2,5326248398
17575,1,5328273643
17576,2,5328514404
17577,1,5328777310
17578,2,5329490762
17579,3,5329686208
17580,2,5329919631
17581,1,5329922335
17582,0,5331374496
17583,3,5331437544
17584,2,5331467713
17585,4,5332920172
17586,3,5334122789
17587,2,5336146438
17588,4,5336318320
17589,3,5338533771
17590,4,5338620460
17591,4,5338741352
17592,1,5339038012
17593,3,5339204738
17594,3,5339917121
17595,0,5339973812
17596,3,5340930572
17597,3,5340997638
17598,0,5341811927
17599,0,5341987818
17600,3,5342731691
17601,4,5343322387
17602,3,5343960219
17603,1,5345166463
17604,0,5345370218
17605,3,5346863204
17606,4,5347031674
17607,1,5347477799
17608,1,5347618789
17609,2,5349662515
17610,1,5351336357
17611,0,5351570884
17612,3,5354362803
17613,3,5355297301
17614,1,5355927770
17615,3,5356820287
17616,1,5357052134
17617,4,5358308816
17618,1,5359248601
17619,3,5359868044
17620,1,5359983806
17621,3,5361434702
17622,0,5361565768
17623,1,5361565897
17624,1,5361615300
17625,3,5364502623
17626,1,5364813721
17627,0,5367895293
17628,3,5368066991
17629,3,5368868067
17630,3,5369896525
17631,1,5374145092
17632,3,5374275789
17633,0,5375354171
17634,3,5375811812
17635,4,5376095533
17636,3,5376406714
17637,3,5376806056
17638,1,5376834671
17639,4,5377851403
17640,3,5380377763
17641,0,5381261266
17642,1,5383059296
17643,1,5383107968
17644,1,5383853439
17645,1,5384302875
17646,4,5385738785
17647,0,5388381674
17648,4,5389293116
17649,4,5389373816
17650,0,5391050433
17651,1,5392320465
17652,1,5394883590
17653,4,5395543263
17654,4,5395739487
17655,1,5396143504
17656,4,5396927548
17657,1,5397140669
17658,1,5399911793
17659,1,5402921311
17660,0,5403522440
17661,2,5403942860
17662,1,5404223839
17663,3,5404491047
17664,2,5404855496
17665,4,5406704880
17666,1,5407113541
17667,0,5409022080
17668,0,5409022113
17669,3,5409963949
17670,3,5413007964
17671,0,5413474854
17672,3,5413766112
17673,0,5416091116
17674,3,5417403121
17675,4,5417455068
17676,3,5419170411
17677,3,5419568878
17678,3,5419840511
17679,0,5421256253
17680,0,5421897302
17681,1,5422461032
17682,2,5423957744
17683,0,5423979397
17684,3,5424353640
17685,3,5426256402
17686,0,5426782510
17687,4,5427289692
17688,2,5427714639
17689,2,5432317828
17690,0,5432487954
17691,0,5434311748
17692,0,5434387865
17693,1,5434976005
17694,0,5437703895
17695,0,5438229828
17696,3,5438704927
17697,0,5439470207
17698,0,5441240908
17699,3,5442927764
17700,3,5444240250
17701,1,5444269565
17702,1,5445244774
17703,3,5445720736
17704,4,5447035366
17705,1,5447075902
17706,1,5447968033
17707,1,5448159511
17708,3,5448601444
17709,1,5450301794
17710,0,5450673266
17711,3,5452082110
17712,3,5453192731
17713,3,5456706171
17714,3,5459033353
17715,3,5459877295
17716,1,5460144686
17717,1,5460726727
17718,0,5462695488
17719,2,5462862028
17720,1,5463572903
17721,0,5466187377
17722,4,5468153099
17723,1,5471167013
17724,3,5473365027
17725,0,5474889282
17726,0,5475953215
17727,0,5477484517
17728,1,5478038305
17729,2,5481287760
17730,1,5482353715
17731,4,5484520549
17732,0,5484602062
17733,3,5485690688
17734,1,5485809438
17735,1,5486831592
17736,0,5486918724
17737,3,5486951262
17738,0,5487235365
17739,3,5488223907
17740,4,5488465440
17741,0,5489704599
17742,0,5489730069
17743,1,5490565473
17744,0,5493089117
17745,1,5496881745
17746,0,5497026586
17747,1,5497071677
17748,3,5498412174
17749,1,5498412340
17750,1,5501558523
17751,0,5503035849
17752,3,5503298873
17753,0,5504426794
17754,3,5504949957
17755,1,5505566919
17756,3,5505707765
17757,0,5505729954
17758,1,5505999309
17759,0,5506436545
17760,1,5506903630
17761,4,5506987306
17762,0,5507700336
17763,3,5508645919
17764,1,5509060204
17765,3,5509144909
17766,0,5509834456
17767,1,5510432438
17768,0,5512390983
17769,1,5513395037
17770,2,5514979549
17771,3,5516883007
17772,3,5517514119
17773,1,5517806690
17774,1,5518372486
17775,2,5518733164
17776,2,5519608666
17777,4,5520137115
17778,3,5520319748
17779,1,5521164500
17780,0,5522119680
17781,3,5522946516
17782,1,5523843198
17783,1,5524055108
17784,4,5524836208
17785,1,5525790418
17786,1,5526054028
17787,3,5528051137
17788,0,5528074446
17789,1,5528433030
17790,2,5529257402
17791,1,5531209861
17792,1,5531529704
17793,3,5531681011
17794,4,5532946105
17795,4,5533619092
17796,2,5534416817
17797,0,5534857833
17798,4,5535102295
17799,0,5535609650
17800,2,5536359470
17801,0,5537203018
17802,4,5537423486
17803,3,5538946653
17804,3,5541904197
17805,1,5543125844
17806,3,5544061159
17807,3,5544847315
17808,2,5545348080
17809,1,5546994301
17810,0,5547124093
17811,1,5548347322
17812,3,5549371915
17813,3,5549937902
17814,1,5549990827
17815,3,5550479016
17816,1,5551449698
17817,3,5551988291
17818,1,5553094569
17819,3,5553494273
17820,4,5554081581
17821,0,5554123210
17822,2,5554155250
17823,3,5554827031
17824,0,5555143863
17825,3,5555146708
17826,0,5561012934
17827,3,5561388646
17828,1,5562257246
17829,1,5562497685
17830,3,5562592414
17831,4,5564647958
17832,3,5566362486
17833,1,5567968258
17834,3,5568424593
17835,1,5570931000
17836,3,5571330585
17837,1,5571334259
17838,2,5571915982
17839,3,5572460043
17840,3,5577874826
17841,1,5578600361
17842,0,5579441913
17843,4,5579767864
17844,1,5579814401
17845,1,5580903676
17846,3,5581280334
17847,1,5582555435
17848,3,5583358338
17849,3,5586606468
17850,0,5588321770
17851,1,5588737495
17852,3,5589175315
17853,4,5589791479
17854,3,5590814993
17855,4,5592336867
17856,0,5593206549
17857,3,5593583422
17858,3,5593818906
17859,1,5594520343
17860,0,5596125414
17861,3,5596600958
17862,1,5597210684
17863,0,5598524746
17864,3,5598899421
17865,2,5599345484
17866,3,5601063852
17867,0,5601295603
17868,4,5601372887
17869,1,5601586891
17870,2,5601706051
17871,0,5601973567
17872,4,5602405503
17873,3,5603678494
17874,4,5607336666
17875,1,5607692990
17876,4,5609270236
17877,1,5609337975
17878,3,5609361493
17879,3,5609682730
17880,0,5610108269
17881,0,5610456360
17882,1,5610465415
17883,3,5610489376
17884,3,5612390504
17885,2,5613492377
17886,3,5616638228
17887,4,5618459789
17888,0,5618716069
17889,0,5619482204
17890,1,5619593403
17891,3,5620644035
17892,1,5620778582
17893,1,5620881615
17894,3,5621304385
17895,1,5621876632
17896,3,5622297471
17897,3,5624654441
17898,1,5624664719
17899,1,5624786425
17900,3,5627879994
17901,0,5628138151
17902,3,5628950865
17903,4,5629261982
17904,1,5629485775
17905,1,5630360817
17906,0,5631032703
17907,1,5632051096
17908,3,5632564407
17909,3,5633871955
17910,3,5634607103
17911,0,5634901982
17912,3,5635118017
17913,1,5635172168
17914,3,5635332352
17915,3,5635930350
17916,1,5636134787
17917,2,5636586721
17918,1,5636860915
17919,1,5637272756
17920,1,5637691387
17921,2,5638277867
17922,3,5641886630
17923,2,5643616630
17924,1,5645533937
17925,3,5647293965
17926,0,5647570948
17927,1,5648139297
17928,0,5648432715
17929,1,5648626178
17930,3,5649646973
17931,1,5649813355
17932,0,5650261372
17933,1,5650339711
17934,0,5650704700
17935,1,5650775647
17936,1,5651370617
17937,1,5654840804
17938,3,5655270855
17939,3,5656522385
17940,1,5657010625
17941,0,5657143794
17942,3,5657996829
17943,1,5658600201
17944,1,5658747628
17945,0,5660285210
17946,0,5660287079
17947,0,5661224386
17948,0,5661484295
17949,0,5661495503
17950,1,5661628067
17951,1,5662534057
17952,0,5662623872
17953,3,5663002469
17954,0,5665073056
17955,0,5667361145
17956,1,5669810491
17957,0,5671803030
17958,1,5672108091
17959,1,5674887092
17960,0,5675073040
17961,4,5675871880
17962,1,5675967485
17963,2,5677596939
17964,3,5679145299
17965,1,5680678331
17966,1,5682959130
17967,2,5683207186
17968,3,5684919059
17969,0,5685164649
17970,0,5686371345
17971,3,5686435497
17972,3,5689345084
17973,1,5690354743
17974,3,5690550604
17975,0,5691063482
17976,4,5693069775
17977,1,5693326660
17978,4,5693779710
17979,1,5693883345
17980,2,5694340221
17981,3,5695886412
17982,3,5699305612
17983,0,5699745689
17984,4,5702348948
17985,3,5702952622
17986,4,5705194393
17987,2,5706103068
17988,4,5706384414
17989,4,5707580531
17990,4,5708949084
17991,1,5710398878
17992,1,5712549549
17993,4,5712601137
17994,4,5713248739
17995,3,5713498466
17996,3,5714056012
17997,1,5715183761
17998,3,5715331775
17999,0,5716871453
18000,2,5717176255
18001,1,5717951188
18002,1,5719380172
18003,4,5720296184
18004,1,5720847141
18005,3,5721102398
18006,4,5721188750
18007,1,5721424945
18008,1,5721633932
18009,0,5721773992
18010,1,5723336931
18011,0,5723655567
18012,1,5725043666
18013,1,5725241690
18014,2,5726695780
18015,1,5727553138
18016,0,5728914251
18017,3,5729863626
18018,3,5730435171
18019,0,5731182681
18020,1,5733546271
18021,2,5733979885
18022,3,5734213889
18023,2,5734527466
18024,0,5735331639
18025,0,5737069848
18026,1,5737458542
18027,3,5739847395
18028,3,5739849544
18029,0,5740245479
18030,2,5740408737
18031,3,5740861354
18032,0,5741198880
18033,1,5742334523
18034,3,5742772459
18035,0,5742842505
18036,0,5743460215
18037,0,5744122551
18038,1,5746711666
18039,3,5747743957
18040,0,5747997937
18041,3,5750808324
18042,3,5753079633
18043,1,5754144738
18044,2,5754371336
18045,4,5754882040
18046,2,5755766679
18047,1,5755851214
18048,0,5757271272
18049,3,5757297516
18050,1,5761032809
18051,0,5762023070
18052,3,5762918670
18053,1,5764829068
18054,1,5768163927
18055,1,5768907830
18056,1,5769051427
18057,0,5770624797
18058,1,5773119319
18059,0,5773567343
18060,4,5775363877
18061,1,5777087224
18062,2,5778068602
18063,1,5778310583
18064,4,5779090197
18065,4,5779090527
18066,1,5780083942
18067,1,5781270491
18068,1,5781888579
18069,4,5783211288
18070,4,5785520431
18071,1,5785914421
18072,0,5785975044
18073,2,5786442198
18074,3,5786944851
18075,2,5787715564
18076,0,5789518962
18077,3,5790221455
18078,0,5792192046
18079,0,5792228088
18080,3,5792478433
18081,3,5792583771
18082,3,5794200567
18083,2,5794539087
18084,2,5794648558
18085,1,5795294668
18086,2,5798241484
18087,1,5800632132
18088,4,5800842044
18089,2,5801216068
18090,0,5801310196
18091,0,5802291321
18092,4,5804355883
18093,4,5804406370
18094,0,5805033062
18095,3,5806922497
18096,2,5807152990
18097,3,5807682073
18098,2,5808443791
18099,0,5808754016
18100,3,5809091564
18101,0,5809217126
18102,4,5811298689
18103,3,5813346025
18104,3,5814266563
18105,1,5814425451
18106,1,5814785946
18107,0,5814955618
18108,0,5815038855
18109,0,5815038890
18110,3,5815852971
18111,4,5815929836
18112,3,5816962634
18113,4,5817391749
18114,1,5817443504
18115,3,5817890384
18116,1,5819705984
18117,0,5819742104
18118,1,5820748088
18119,3,5822484874
18120,0,5823944598
18121,3,5826188312
18122,1,5827340391
18123,0,5829578157
18124,1,5831236968
18125,1,5832037469
18126,0,5833454326
18127,1,5835074608
18128,3,5835245451
18129,0,5836630157
18130,2,5837405140
18131,2,5838101879
18132,2,5838274827
18133,0,5838280587
18134,2,5838608277
18135,2,5838611522
18136,0,5839144630
18137,2,5839771131
18138,4,5840199729
18139,2,5840209421
18140,1,5843606958
18141,1,5843938277
18142,0,5844397991
18143,3,5844638324
18144,1,5845670749
18145,2,5845688348
18146,1,5846737224
18147,3,5847169775
18148,2,5847711203
18149,0,5848448768
18150,2,5850212572
18151,2,5850354209
18152,0,5852908033
18153,2,5852908455
18154,3,5854728858
18155,3,5854879832
18156,1,5855637639
18157,3,5856586924
18158,2,5856761064
18159,4,5858107879
18160,1,5860333498
18161,0,5861166796
18162,0,5861972266
18163,2,5862282965
18164,0,5862754346
18165,3,5863413080
18166,1,5863573012
18167,1,5863917096
18168,3,5864297240
18169,3,5864994521
18170,3,5865601166
18171,4,5866063674
18172,3,5866482826
18173,3,5867150529
18174,3,5868796634
18175,3,5869163035
18176,2,5869197374
18177,3,5869794048
18178,4,5870272256
18179,3,5870493732
18180,4,5870850606
18181,1,5872222118
18182,0,5873500298
18183,1,5874257911
18184,1,5874258019
18185,2,5875341940
18186,2,5876355191
18187,3,5876932834
18188,3,5878454910
18189,0,5880288993
18190,4,5882244748
18191,4,5882250658
18192,3,5882575120
18193,4,5886590119
18194,2,5886901582
18195,1,5888246575
18196,3,5889759903
18197,0,5890551656
18198,3,5891026373
18199,3,5892880392
18200,2,5893528886
18201,0,5893757658
18202,3,5895274435
18203,3,5896574009
18204,0,5896887389
18205,4,5897184703
18206,0,5898024838
18207,1,5898412113
18208,3,5899232946
18209,3,5902132001
18210,3,5902190552
18211,3,5902661018
18212,3,5905184917
18213,1,5906597536
18214,3,5907883954
18215,1,5907910308
18216,1,5908614551
18217,3,5910801487
18218,3,5910801535
18219,2,5911344321
18220,1,5913995720
18221,0,5915860392
18222,1,5916011922
18223,3,5916478918
18224,4,5916549706
18225,4,5916656131
18226,1,5919224065
18227,3,5920392823
18228,3,5920872472
18229,1,5921306406
18230,3,5921333644
18231,3,5921424889
18232,2,5922852342
18233,4,5923352347
18234,0,5924282642
18235,1,5924343846
18236,0,5925021400
18237,4,5925560331
18238,3,5926799931
18239,1,5926970121
18240,0,5929397641
18241,0,5931492661
18242,1,5931569348
18243,0,5931690888
18244,1,5931888238
18245,4,5932329311
18246,2,5932748053
18247,1,5935368056
18248,4,5936897994
18249,4,5938879844
18250,2,5942494850
18251,0,5943306662
18252,1,5943336065
18253,0,5944405531
18254,2,5944406278
18255,3,5945365756
18256,2,5945628887
18257,3,5945879219
18258,3,5946931211
18259,3,5947408745
18260,0,5950238567
18261,3,5952621053
18262,2,5953537639
18263,2,5953539769
18264,1,5955060716
18265,4,5957795675
18266,4,5957964181
18267,1,5958266458
18268,0,5958351764
18269,2,5958997356
18270,4,5959070412
18271,3,5961135656
18272,0,5961600613
18273,0,5962727219
18274,4,5963388788
18275,3,5963606394
18276,3,5963828384
18277,3,5963838192
18278,3,5963861948
18279,1,5964296661
18280,3,5966041976
18281,3,5966871369
18282,3,5967586675
18283,3,5967880153
18284,4,5969810039
18285,0,5973370097
18286,1,5973464363
18287,2,5974409389
18288,1,5974538846
18289,0,5975868793
18290,1,5976225703
18291,3,5976478341
18292,3,5976910560
18293,3,5976923735
18294,0,5979209218
18295,2,5979932085
18296,0,5982118347
18297,4,5983087070
18298,0,5984020864
18299,2,5985152540
18300,4,5985367761
18301,3,5985854544
18302,4,5986617540
18303,1,5986932005
18304,1,5986944848
18305,0,5986984626
18306,3,5987929749
18307,1,5990416914
18308,1,5990877210
18309,3,5991458644
18310,1,5992157300
18311,1,5993394172
18312,0,5994108520
18313,4,5995337180
18314,0,5995981544
18315,1,5996079801
18316,1,5997642134
18317,3,5997988082
18318,1,5998550913
18319,1,5998850916
18320,1,5999121609
18321,4,6003149455
18322,1,6004470888
18323,1,6005811518
18324,4,6008849852
18325,4,6009571407
18326,2,6011422606
18327,0,6012856559
18328,3,6013377590
18329,0,6018484668
18330,2,6019610711
18331,1,6020334628
18332,3,6020855243
18333,3,6021905190
18334,1,6022892851
18335,2,6024652901
18336,0,6024780407
18337,3,6025293163
18338,1,6025584797
18339,3,6026596214
18340,2,6028734301
18341,3,6029709218
18342,1,6030006409
18343,0,6031537818
18344,3,6032118269
18345,4,6032124622
18346,1,6032375766
18347,3,6033674654
18348,4,6034093422
18349,0,6034209296
18350,1,6035123424
18351,1,6035445138
18352,2,6036285400
18353,0,6036771231
18354,2,6036773036
18355,3,6036809166
18356,3,6036809211
18357,1,6037144087
18358,4,6037242099
18359,1,6037956463
18360,0,6039059454
18361,0,6039179004
18362,4,6039208834
18363,0,6039750383
18364,4,6040066754
18365,2,6040476897
18366,4,6042756654
18367,1,6042978647
18368,2,6043595363
18369,1,6046105498
18370,3,6047202333
18371,1,6047244647
18372,0,6047663158
18373,3,6049899897
18374,4,6052563468
18375,3,6052652788
18376,1,6054381581
18377,1,6054634601
18378,1,6054857266
18379,1,6055194206
18380,1,6057653642
18381,1,6058550968
18382,3,6059070834
18383,0,6059412445
18384,0,6059853585
18385,4,6061216677
18386,4,6063236450
18387,2,6064492550
18388,3,6065192549
18389,3,6066356472
18390,2,6066496410
18391,1,6066621710
18392,3,6066707586
18393,4,6067090046
18394,1,6067612613
18395,0,6067643672
18396,1,6068159455
18397,2,6069775916
18398,1,6070719787
18399,3,6071211566
18400,0,6071939491
18401,1,6072080512
18402,3,6072241268
18403,3,6072444442
18404,1,6073412524
18405,4,6074076011
18406,2,6078129471
18407,1,6078267170
18408,2,6080946628
18409,1,6081859579
18410,1,6082042891
18411,0,6082733530
18412,4,6084090841
18413,0,6084511481
18414,3,6085306714
18415,0,6085335510
18416,0,6087845888
18417,1,6088004969
18418,4,6089050337
18419,3,6090750515
18420,3,6091025853
18421,1,6091745787
18422,0,6091895327
18423,1,6092336028
18424,1,6092418310
18425,1,6093264923
18426,1,6094053279
18427,1,6094192001
18428,1,6094556790
18429,3,6095381852
18430,0,6095874079
18431,1,6095970737
18432,3,6098394478
18433,0,6098398510
18434,1,6098555993
18435,1,6098874287
18436,3,6099113153
18437,0,6099116198
18438,0,6101257915
18439,3,6102630951
18440,3,6103228020
18441,3,6103797057
18442,1,6104010860
18443,4,6104335422
18444,0,6104707541
18445,4,6105820777
18446,0,6106173276
18447,1,6106449619
18448,3,6107051388
18449,4,6107936589
18450,3,6108110931
18451,3,6108835252
18452,3,6110630564
18453,0,6111266014
18454,4,6112088845
18455,1,6113182017
18456,0,6113292617
18457,3,6115561358
18458,3,6116260250
18459,0,6116948537
18460,1,6117009708
18461,1,6117447144
18462,3,6119003628
18463,0,6120591710
18464,3,6121641266
18465,3,6122592077
18466,1,6123012600
18467,3,6123364247
18468,4,6124225923
18469,4,6125178263
18470,4,6125761547
18471,1,6128307642
18472,3,6129850213
18473,1,6130060068
18474,0,6131252318
18475,1,6131552492
18476,3,6131854445
18477,1,6131856363
18478,4,6133243402
18479,4,6134120748
18480,1,6135137036
18481,1,6135761211
18482,1,6135934144
18483,3,6136879445
18484,2,6137296080
18485,1,6137870283
18486,1,6140103150
18487,1,6141035310
18488,2,6143022197
18489,4,6143108366
18490,3,6143305940
18491,1,6143631359
18492,1,6143935091
18493,3,6144857326
18494,4,6146622169
18495,1,6148881657
18496,1,6149283156
18497,1,6149684956
18498,1,6154984199
18499,1,6155573016
18500,3,6155773506
18501,0,6156544718
18502,1,6157379704
18503,4,6157980775
18504,3,6158740292
18505,3,6160688311
18506,3,6163615064
18507,0,6168943928
18508,1,6169479199
18509,0,6170117984
18510,4,6170590273
18511,1,6170655983
18512,3,6171029763
18513,0,6172703605
18514,4,6173937378
18515,3,6174995428
18516,1,6174996098
18517,3,6177965226
18518,1,6179002129
18519,3,6180632040
18520,1,6180728908
18521,4,6181623162
18522,2,6181632124
18523,2,6181632986
18524,2,6182411752
18525,1,6183356997
18526,1,6186036922
18527,1,6186105544
18528,1,6186850854
18529,0,6187095329
18530,3,6187972899
18531,1,6188156292
18532,0,6189676257
18533,0,6191735158
18534,2,6191739376
18535,3,6192077160
18536,0,6193956124
18537,1,6194706213
18538,3,6195018184
18539,1,6195029739
18540,3,6195769983
18541,4,6198545389
18542,2,6200518011
18543,4,6203949468
18544,1,6206607590
18545,0,6206671365
18546,0,6207002710
18547,3,6207601660
18548,3,6208391830
18549,1,6208802466
18550,4,6209732337
18551,4,6210315382
18552,0,6211241342
18553,1,6212541021
18554,4,6215012287
18555,3,6215535443
18556,4,6215609450
18557,4,6215840363
18558,3,6215843322
18559,1,6216827694
18560,2,6218744229
18561,2,6219419023
18562,1,6219420853
18563,4,6219831969
18564,4,6220429575
18565,2,6220803071
18566,4,6221205668
18567,0,6221442337
18568,3,6224190837
18569,1,6226004041
18570,2,6227035839
18571,3,6227541109
18572,4,6228545887
18573,1,6229404374
18574,3,6231424087
18575,1,6232773219
18576,1,6233868804
18577,3,6234850418
18578,3,6234851171
18579,0,6235760756
18580,1,6237132186
18581,3,6237347583
18582,1,6238236924
18583,2,6238534676
18584,1,6239902428
18585,3,6240249142
18586,1,6240726719
18587,3,6242751716
18588,3,6243637066
18589,1,6244134556
18590,0,6244246959
18591,3,6244642594
18592,0,6244826987
18593,2,6244828118
18594,3,6244854277
18595,1,6245304112
18596,3,6245565129
18597,1,6245662952
18598,2,6245746991
18599,3,6248204187
18600,3,6248628294
18601,1,6249372997
18602,0,6250741876
18603,3,6250918480
18604,4,6251521261
18605,1,6253030019
18606,3,6254213331
18607,0,6257119301
18608,4,6258384065
18609,1,6258433344
18610,3,6259013641
18611,1,6259024569
18612,4,6259408930
18613,2,6260245255
18614,3,6261150826
18615,1,6261395793
18616,3,6264086603
18617,1,6265088149
18618,1,6265658948
18619,2,6266070145
18620,4,6266159201
18621,1,6267124456
18622,4,6269902990
18623,3,6270291073
18624,1,6271619247
18625,3,6274687464
18626,3,6275906155
18627,3,6278124555
18628,0,6279120668
18629,4,6282209554
18630,1,6283052137
18631,3,6284280840
18632,3,6284354054
18633,1,6285802043
18634,1,6285899315
18635,0,6286637161
18636,1,6287046625
18637,2,6287839234
18638,2,6288119431
18639,1,6288208725
18640,4,6288881582
18641,1,6292243007
18642,0,6292538479
18643,3,6293023858
18644,3,6293168631
18645,4,6293929169
18646,4,6293929198
18647,0,6294652721
18648,4,6295500890
18649,3,6297846128
18650,4,6298030979
18651,3,6298091086
18652,1,6299163506
18653,4,6299326552
18654,3,6299677379
18655,4,6301209493
18656,4,6303846661
18657,2,6304727412
18658,3,6304918670
18659,1,6305964349
18660,1,6306088099
18661,4,6307363446
18662,4,6307648162
18663,3,6307920890
18664,3,6307963215
18665,1,6309452822
18666,1,6310077413
18667,3,6310300680
18668,3,6310967813
18669,3,6311280070
18670,3,6311379175
18671,1,6311523391
18672,4,6312035467
18673,1,6312338963
18674,0,6314128520
18675,0,6314732654
18676,2,6314757909
18677,0,6317231133
18678,3,6317684286
18679,3,6317795736
18680,1,6318332048
18681,1,6318635831
18682,3,6318847099
18683,2,6319306193
18684,3,6322035775
18685,1,6322624397
18686,1,6323739232
18687,1,6324259214
18688,3,6324260888
18689,1,6326156899
18690,0,6328004854
18691,2,6329209486
18692,1,6331555891
18693,3,6332401780
18694,2,6332643941
18695,2,6333006685
18696,3,6334053326
18697,2,6334762681
18698,1,6335031681
18699,3,6335318869
18700,2,6335754758
18701,4,6337268515
18702,1,6339258096
18703,4,6339476295
18704,1,6341064153
18705,1,6341937577
18706,1,6342004598
18707,1,6343107720
18708,1,6343964230
18709,1,6344033159
18710,0,6344445617
18711,1,6346224363
18712,0,6347095278
18713,1,6347126894
18714,3,6347889602
18715,1,6347955696
18716,3,6349640825
18717,3,6351023050
18718,1,6351375149
18719,0,6351623727
18720,3,6351627295
18721,4,6354997977
18722,3,6355037305
18723,3,6357715039
18724,3,6359746687
18725,1,6360152004
18726,4,6361014206
18727,1,6361767562
18728,3,6367628135
18729,1,6370156078
18730,4,6370479325
18731,1,6371503348
18732,4,6372586611
18733,3,6372786756
18734,1,6375149450
18735,3,6378690067
18736,3,6379974503
18737,1,6381957691
18738,1,6382178415
18739,3,6382922265
18740,0,6386446563
18741,1,6386447581
18742,1,6387725435
18743,3,6388901562
18744,3,6390022822
18745,0,6392486352
18746,0,6392488216
18747,1,6393080822
18748,0,6393080856
18749,1,6393081871
18750,4,6393087148
18751,0,6393672757
18752,1,6393700735
18753,3,6394509057
18754,3,6394802063
18755,2,6394802217
18756,0,6395815421
18757,1,6396078759
18758,4,6397305605
18759,1,6397450774
18760,0,6397693150
18761,2,6399671093
18762,1,6401492123
18763,1,6401635853
18764,4,6402633505
18765,3,6403876974
18766,1,6404129527
18767,0,6404131972
18768,1,6404393251
18769,1,6405360514
18770,0,6405426192
18771,0,6405618752
18772,4,6406324781
18773,1,6408475047
18774,1,6408666845
18775,3,6409432837
18776,2,6411048234
18777,3,6411568729
18778,1,6413181315
18779,3,6415596436
18780,1,6416117652
18781,4,6417715548
18782,3,6419999473
18783,1,6420003047
18784,3,6420983371
18785,1,6421202306
18786,4,6426927507
18787,1,6430207297
18788,4,6430690706
18789,3,6430911073
18790,0,6431223678
18791,4,6431762448
18792,2,6431922770
18793,2,6432772709
18794,3,6434116087
18795,3,6434353756
18796,3,6435212240
18797,0,6435340259
18798,1,6436457892
18799,1,6436622091
18800,3,6437132887
18801,4,6439033903
18802,3,6439774815
18803,1,6442442772
18804,3,6443355497
18805,3,6444606759
18806,3,6444904158
18807,0,6447093832
18808,1,6447583434
18809,1,6451610959
18810,1,6451626443
18811,0,6451945058
18812,0,6452963895
18813,1,6454277205
18814,3,6455416399
18815,2,6455548398
18816,0,6457847492
18817,3,6460089657
18818,2,6460932909
18819,0,6460972356
18820,4,6461216661
18821,4,6462039936
18822,0,6462397480
18823,3,6464309833
18824,3,6468613485
18825,3,6468825734
18826,3,6468848898
18827,0,6469234378
18828,1,6469292244
18829,1,6470143807
18830,1,6470809202
18831,3,6473002004
18832,4,6473257739
18833,0,6473489380
18834,3,6474752943
18835,1,6475019826
18836,3,6475749651
18837,1,6481006725
18838,3,6481381415
18839,2,6483671457
18840,4,6485108268
18841,0,6486188297
18842,1,6487790778
18843,1,6490091632
18844,1,6491345170
18845,0,6491534216
18846,4,6491959277
18847,3,6492803321
18848,4,6493153050
18849,1,6494121336
18850,1,6494931867
18851,4,6496038385
18852,3,6496144812
18853,3,6496308042
18854,3,6497773446
18855,0,6498240082
18856,1,6499044306
18857,3,6499523686
18858,4,6500184671
18859,3,6501011441
18860,1,6501119640
18861,1,6503205980
18862,3,6504067491
18863,0,6505447453
18864,0,6509404294
18865,1,6509525208
18866,2,6511852648
18867,3,6514655720
18868,1,6514672300
18869,1,6514712066
18870,0,6516821465
18871,1,6517471039
18872,3,6517500668
18873,1,6519288894
18874,2,6519636547
18875,1,6520744749
18876,3,6521264041
18877,3,6522347201
18878,3,6522505868
18879,3,6524094451
18880,1,6524358430
18881,4,6524813259
18882,3,6525153862
18883,0,6525609713
18884,1,6525871766
18885,2,6526361474
18886,1,6526376246
18887,4,6526654193
18888,3,6527017847
18889,1,6527020331
18890,1,6527558667
18891,0,6527622338
18892,3,6527643980
18893,0,6527803576
18894,1,6528026356
18895,1,6529542842
18896,1,6530881842
18897,3,6531056225
18898,1,6531279629
18899,1,6531648165
18900,1,6531655581
18901,1,6531661012
18902,0,6532058885
18903,4,6532731744
18904,4,6533104900
18905,0,6533934753
18906,4,6535071778
18907,1,6535576148
18908,0,6538906952
18909,0,6539305222
18910,1,6539691017
18911,3,6540161959
18912,3,6540233779
18913,0,6540477244
18914,3,6540831772
18915,0,6541696548
18916,3,6542579109
18917,3,6542840726
18918,3,6543716555
18919,1,6548167294
18920,0,6549673599
18921,4,6549976673
18922,0,6551262046
18923,3,6552269906
18924,1,6552372109
18925,3,6552528301
18926,1,6554779436
18927,1,6555921140
18928,1,6556204273
18929,4,6556216016
18930,3,6556751880
18931,0,6557030780
18932,0,6558778190
18933,3,6559199867
18934,1,6562031563
18935,1,6562641974
18936,3,6563343901
18937,1,6564327554
18938,4,6565003297
18939,3,6566023270
18940,1,6566706476
18941,0,6567658466
18942,0,6567660024
18943,3,6567850566
18944,3,6568477108
18945,0,6568675191
18946,0,6570089810
18947,3,6570710846
18948,2,6571716053
18949,3,6575156119
18950,2,6575665106
18951,3,6576194897
18952,1,6577182105
18953,0,6578908275
18954,4,6579875695
18955,1,6579907732
18956,1,6580721518
18957,0,6580873481
18958,3,6580952375
18959,3,6581903940
18960,4,6581946187
18961,1,6583810013
18962,4,6584634556
18963,1,6587350592
18964,3,6589605956
18965,1,6590095745
18966,1,6590835760
18967,1,6593030425
18968,1,6594652608
18969,4,6594709822
18970,0,6595526588
18971,2,6596308037
18972,2,6597286651
18973,3,6599102240
18974,1,6599141862
18975,1,6599314134
18976,1,6599439327
18977,4,6600847397
18978,3,6602084381
18979,0,6604454210
18980,1,6604899619
18981,3,6604910859
18982,1,6605539076
18983,1,6606745642
18984,0,6606960517
18985,4,6609967275
18986,0,6612770948
18987,2,6612835358
18988,1,6613388753
18989,3,6614530803
18990,0,6614535073
18991,0,6614543498
18992,3,6614544237
18993,0,6614548204
18994,0,6614548589
18995,3,6614555443
18996,0,6614559995
18997,0,6614567901
18998,1,6616758096
18999,1,6619293124
19000,3,6621658716
19001,2,6621780907
19002,1,6625541645
19003,2,6626790250
19004,0,6628397774
19005,0,6629797105
19006,4,6629954972
19007,4,6632046251
19008,3,6632548932
19009,3,6637463114
19010,0,6637855358
19011,3,6640371971
19012,0,6642630624
19013,4,6643608175
19014,0,6645836133
19015,4,6646766953
19016,4,6650063671
19017,3,6650121904
19018,3,6650211244
19019,1,6651501213
19020,1,6653120856
19021,3,6653131780
19022,3,6655551574
19023,4,6656187759
19024,0,6657359675
19025,3,6657526306
19026,4,6659381651
19027,1,6659838724
19028,3,6660246800
19029,2,6661345575
19030,2,6661418211
19031,3,6661878761
19032,1,6661967174
19033,3,6662120909
19034,1,6662229301
19035,1,6664371333
19036,1,6665015783
19037,1,6665263673
19038,1,6667100376
19039,0,6668809013
19040,0,6670084206
19041,0,6672155669
19042,1,6677392725
19043,4,6680009484
19044,0,6680942650
19045,3,6681600920
19046,3,6681748719
19047,4,6684026807
19048,1,6685982760
19049,3,6686563839
19050,2,6687512636
19051,1,6687586917
19052,4,6690085815
19053,2,6690090311
19054,1,6690449706
19055,2,6690639871
19056,1,6692475761
19057,2,6694609841
19058,1,6695331950
19059,4,6697991141
19060,3,6698040438
19061,2,6699203368
19062,0,6699567919
19063,3,6700914903
19064,1,6702448243
19065,3,6702870076
19066,4,6702938108
19067,0,6703482043
19068,3,6708444674
19069,3,6709134317
19070,1,6710325012
19071,3,6710771203
19072,3,6710853355
19073,4,6713596916
19074,3,6715903799
19075,3,6716509672
19076,1,6716899746
19077,1,6718243603
19078,3,6720194638
19079,0,6721181314
19080,1,6721387091
19081,1,6722321153
19082,1,6723436781
19083,3,6724336168
19084,0,6724629290
19085,0,6724769791
19086,0,6724773451
19087,3,6727595121
19088,4,6729724965
19089,1,6730060040
19090,3,6730438417
19091,3,6730820781
19092,3,6730821863
19093,1,6731301606
19094,3,6731695287
19095,0,6732788583
19096,1,6733330564
19097,0,6733819058
19098,0,6734653725
19099,0,6734804479
19100,1,6736372626
19101,3,6736749267
19102,1,6739080996
19103,0,6739437530
19104,0,6739800127
19105,1,6740770775
19106,3,6742248308
19107,0,6743672779
19108,0,6743784565
19109,0,6743818061
19110,4,6745183990
19111,4,6745184073
19112,1,6749021518
19113,3,6749718475
19114,0,6750747560
19115,1,6753098959
19116,0,6754514465
19117,0,6754899851
19118,3,6758943348
19119,0,6759670600
19120,1,6760584390
19121,3,6760887167
19122,1,6763717775
19123,2,6767203059
19124,1,6767797348
19125,1,6768148905
19126,3,6768361396
19127,3,6768418471
19128,0,6771367294
19129,3,6771925796
19130,3,6772273484
19131,1,6772873105
19132,0,6773193795
19133,3,6773456733
19134,1,6774461401
19135,3,6775351914
19136,1,6775460358
19137,4,6776737066
19138,4,6777820593
19139,1,6777981278
19140,1,6778087949
19141,3,6778190546
19142,1,6778651009
19143,4,6779131564
19144,3,6780953261
19145,3,6781788294
19146,0,6782884422
19147,4,6783206921
19148,1,6783245673
19149,2,6783521169
19150,1,6784206543
19151,1,6784279391
19152,3,6784368014
19153,4,6784939949
19154,1,6784998564
19155,4,6785188000
19156,1,6785668703
19157,1,6787190115
19158,1,6787238024
19159,3,6787359140
19160,4,6787992328
19161,4,6795417297
19162,0,6795901464
19163,2,6800081734
19164,1,6800325392
19165,1,6800998681
19166,0,6801795411
19167,0,6803168980
19168,1,6803240000
19169,0,6806049693
19170,4,6806677641
19171,3,6806752925
19172,3,6807906021
19173,4,6808332559
19174,1,6809433215
19175,1,6809484040
19176,0,6809568069
19177,3,6809875349
19178,2,6810431736
19179,3,6811349048
19180,1,6811729700
19181,1,6812879783
19182,1,6813835126
19183,3,6814914293
19184,1,6815052142
19185,0,6815333556
19186,1,6815879717
19187,1,6817964037
19188,1,6818054526
19189,4,6819523072
19190,2,6819993311
19191,1,6821007147
19192,0,6821631749
19193,3,6821836651
19194,3,6824611300
19195,0,6824976919
19196,0,6825907335
19197,2,6826361279
19198,1,6826626903
19199,3,6828933056
19200,1,6830094192
19201,1,6830166332
19202,0,6830345555
19203,4,6830454286
19204,4,6830454345
19205,2,6831044490
19206,0,6831183152
19207,3,6831205361
19208,3,6832212330
19209,3,6832535643
19210,1,6833190638
19211,1,6836363617
19212,0,6838166359
19213,2,6838166420
19214,2,6838167837
19215,0,6838168971
19216,0,6838170239
19217,2,6838173324
19218,0,6838471511
19219,3,6840192798
19220,1,6840732324
19221,0,6844337229
19222,3,6844639066
19223,1,97192
19224,1,112201
19225,2,1049617
19226,2,1165603
19227,1,1169106
19228,3,1929239
19229,1,1958921
19230,4,2029098
19231,1,2385469
19232,1,2494935
19233,1,2664420
19234,2,2779256
19235,3,3109937
19236,3,4062248
19237,3,4062958
19238,4,6268520
19239,1,6518477
19240,1,6697942
19241,0,8588576
19242,1,9161998
19243,4,9495661
19244,3,9830519
19245,3,10143787
19246,0,11485018
19247,2,12172496
19248,3,13521950
19249,4,13741406
19250,3,15201766
19251,2,15312988
19252,1,15834858
19253,4,19694891
19254,0,21946528
19255,1,22702497
19256,2,23706571
19257,3,23735744
19258,3,24010993
19259,4,24122261
19260,0,26832549
19261,0,27272049
19262,4,27524346
19263,2,27640744
19264,2,29049969
19265,1,29371225
19266,3,30812131
19267,4,30960765
19268,1,31693351
19269,2,32160476
19270,0,33177687
19271,1,33221007
19272,4,33241040
19273,4,33681902
19274,1,33946313
19275,3,34930445
19276,1,34992316
19277,3,35577311
19278,4,36089541
19279,1,37060927
19280,3,37219026
19281,1,38112788
19282,1,38780700
19283,1,40379644
19284,3,40785635
19285,3,40850709
19286,2,41082817
19287,3,41795389
19288,3,42088167
19289,1,43742918
19290,3,45971167
19291,2,46317486
19292,1,47376232
19293,3,48549823
19294,1,48665169
19295,3,49189002
19296,1,49545929
19297,2,50103105
19298,0,50103791
19299,1,51581145
19300,3,51915874
19301,2,52498005
19302,1,52858401
19303,3,54499619
19304,4,54552587
19305,0,54583660
19306,4,55988438
19307,0,56725441
19308,4,57792401
19309,3,58317333
19310,3,58544265
19311,3,58764921
19312,3,59663585
19313,2,59753027
19314,0,59865498
19315,1,59988352
19316,3,60806363
19317,0,61027821
19318,4,61792360
19319,4,64006690
19320,0,65506968
19321,3,66731788
19322,4,67488466
19323,3,67709839
19324,1,70046590
19325,4,70463884
19326,0,72550582
19327,4,73070306
19328,0,73785841
19329,3,73991950
19330,1,74550683
19331,1,75232016
19332,4,77688311
19333,1,77798818
19334,3,81034651
19335,1,81375376
19336,0,82008476
19337,3,83713446
19338,0,84178568
19339,0,84190316
19340,2,84193499
19341,2,84195688
19342,1,85277660
19343,1,85734681
19344,1,86135518
19345,0,87262152
19346,3,87609395
19347,3,88530660
19348,3,88530741
19349,3,89583015
19350,2,90181332
19351,4,92660150
19352,0,96428643
19353,3,98052939
19354,1,98053580
19355,4,98514060
19356,3,98777983
19357,1,99551802
19358,0,100934511
19359,1,103266004
19360,3,103639966
19361,3,104633629
19362,2,106635102
19363,2,107067328
19364,1,108059860
19365,1,108224683
19366,3,108483764
19367,0,108757463
19368,4,110464541
19369,1,110464834
19370,1,110545247
19371,4,110873762
19372,3,111284402
19373,4,114250464
19374,3,114964974
19375,0,115050463
19376,3,117342669
19377,3,117356452
19378,1,118073030
19379,2,120977022
19380,1,120983526
19381,2,121822192
19382,3,124588894
19383,0,125288035
19384,1,128588230
19385,4,128622801
19386,0,129661376
19387,2,130025123
19388,0,131933519
19389,1,131991728
19390,1,133781753
19391,0,137345380
19392,0,140010024
19393,4,140195921
19394,1,140561484
19395,3,142133777
19396,0,143926468
19397,2,144164278
19398,3,144527531
19399,3,145196384
19400,1,145602890
19401,3,146012412
19402,1,146219299
19403,2,146797585
19404,4,149010694
19405,4,149604593
19406,3,150646909
19407,1,150835030
19408,0,152385316
19409,3,153266756
19410,1,154461189
19411,1,155311904
19412,4,155410529
19413,4,156461116
19414,1,156713282
19415,1,158278843
19416,3,158495971
19417,1,160557021
19418,3,161188377
19419,1,162357430
19420,4,163111277
19421,4,163111429
19422,3,163857838
19423,1,164353770
19424,0,164903049
19425,3,165279223
19426,1,165435187
19427,2,165992059
19428,0,167597500
19429,3,168099729
19430,4,169234776
19431,2,169740144
19432,2,170904981
19433,0,172167086
19434,3,172314130
19435,4,172410945
19436,0,172645880
19437,1,173150078
19438,1,174084442
19439,1,175599539
19440,0,176842378
19441,3,179750032
19442,2,179760971
19443,0,180480348
19444,0,182336369
19445,0,182472665
19446,2,182472778
19447,0,185335256
19448,1,190104095
19449,1,193069647
19450,0,193746025
19451,4,193749770
19452,3,195367011
19453,3,196025312
19454,4,196242501
19455,3,198299015
19456,1,198555474
19457,0,198731029
19458,0,198769457
19459,1,199030273
19460,4,200372641
19461,0,200491336
19462,3,201071700
19463,0,201107220
19464,2,202289516
19465,3,202843201
19466,4,204395492
19467,1,208193957
19468,1,208352020
19469,0,209545377
19470,3,214261272
19471,4,214346616
19472,1,215644980
19473,1,215756673
19474,0,222204058
19475,2,222886432
19476,1,223571597
19477,1,223692320
19478,4,224883708
19479,3,225595718
19480,2,226849624
19481,1,229122503
19482,1,229698474
19483,2,229950599
19484,0,230906111
19485,4,230910547
19486,4,230914586
19487,0,231203478
19488,3,231402715
19489,1,231498518
19490,1,231824577
19491,1,232858078
19492,3,233156817
19493,4,234055090
19494,1,236127950
19495,1,236374996
19496,3,237085998
19497,4,237349025
19498,3,237604241
19499,0,237901886
19500,4,239927820
19501,4,240605214
19502,1,240761570
19503,3,240941979
19504,1,243956568
19505,3,244782517
19506,1,247274858
19507,0,247707333
19508,4,248059283
19509,3,248525888
19510,3,249528814
19511,4,249628183
19512,0,250578881
19513,0,251211825
19514,1,251269312
19515,4,251349998
19516,1,253272217
19517,2,253449203
19518,3,254582604
19519,0,256477734
19520,0,256554467
19521,0,256556615
19522,0,256616582
19523,3,257060191
19524,4,259024885
19525,1,259774016
19526,4,259781681
19527,1,259964992
19528,1,260036531
19529,0,260351598
19530,0,261572545
19531,1,262190601
19532,3,263064713
19533,4,263155573
19534,3,263262817
19535,3,263365846
19536,0,263695330
19537,3,264004065
19538,2,264658173
19539,2,264658210
19540,4,264701688
19541,3,265424957
19542,3,266962757
19543,4,267294833
19544,0,267392520
19545,3,267699695
19546,0,267978344
19547,3,268412316
19548,3,268880747
19549,4,272337644
19550,4,272339469
19551,0,272521319
19552,0,273335049
19553,0,274401314
19554,0,274925210
19555,4,276537372
19556,1,276653929
19557,1,278113328
19558,1,278694275
19559,0,278945614
19560,0,279360978
19561,1,279832677
19562,1,281853818
19563,0,283686950
19564,1,284984104
19565,1,286065274
19566,4,287233934
19567,3,288161869
19568,0,288588674
19569,1,288716385
19570,0,288812322
19571,1,288990019
19572,0,289590330
19573,3,290622603
19574,2,292275234
19575,3,292429370
19576,1,292967105
19577,4,293392105
19578,0,293513312
19579,1,293702590
19580,1,295158800
19581,4,296159014
19582,3,296961740
19583,4,297426903
19584,1,298385946
19585,0,299484553
19586,0,300060666
19587,2,305037766
19588,0,305569108
19589,1,306560793
19590,1,306862104
19591,1,307330008
19592,4,307455583
19593,1,308086118
19594,0,308469601
19595,3,308555418
19596,1,309052261
19597,4,310073905
19598,3,310259022
19599,1,311917403
19600,1,313416348
19601,1,313716889
19602,1,313747217
19603,3,314099245
19604,2,315705872
19605,3,316806071
19606,3,318068704
19607,2,319235622
19608,1,319557531
19609,3,321190442
19610,1,321539916
19611,0,321783267
19612,3,323002482
19613,3,323344580
19614,1,324566067
19615,3,325182776
19616,2,325196075
19617,3,325899323
19618,4,328190440
19619,3,329576761
19620,1,329736190
19621,1,329918448
19622,2,330524782
19623,3,330767917
19624,1,331230299
19625,0,331349329
19626,2,331648326
19627,1,332768542
19628,0,337229664
19629,3,337498510
19630,4,338440526
19631,3,338949310
19632,1,339040837
19633,1,339568430
19634,3,343774441
19635,3,343787113
19636,3,346759973
19637,3,347507204
19638,0,347997114
19639,3,348650367
19640,0,349496965
19641,0,349506270
19642,3,350885481
19643,1,351268441
19644,1,352041803
19645,0,352767366
19646,4,353900460
19647,0,354205637
19648,3,354864366
19649,4,356324057
19650,4,357077374
19651,3,357116160
19652,1,357147148
19653,2,357321214
19654,3,360681898
19655,0,362055384
19656,0,362319107
19657,4,362344806
19658,1,364258964
19659,0,366699000
19660,2,366716174
19661,1,367474625
19662,1,367739604
19663,1,368307861
19664,1,368607726
19665,4,369973103
19666,3,370715820
19667,4,371847853
19668,4,373175034
19669,3,373912471
19670,3,375304385
19671,3,375304463
19672,4,375381778
19673,0,376163344
19674,1,376195895
19675,0,377611164
19676,0,377915816
19677,0,379676876
19678,3,380045124
19679,0,380827244
19680,0,381374895
19681,2,382420793
19682,1,383748074
19683,3,383871255
19684,2,386411893
19685,3,387000662
19686,1,387803190
19687,3,389644194
19688,3,389690579
19689,1,391621565
19690,4,391627089
19691,1,392779999
19692,1,393670573
19693,0,394654157
19694,4,394654814
19695,4,395550305
19696,0,396144517
19697,2,396448368
19698,1,397257082
19699,0,398045546
19700,0,398988362
19701,0,400004657
19702,1,401015618
19703,1,402430951
19704,1,403552473
19705,4,404469515
19706,3,406721324
19707,3,407568923
19708,1,408227264
19709,3,409314327
19710,1,409565593
19711,0,411434556
19712,0,411961199
19713,4,412052691
19714,3,412209664
19715,3,413763390
19716,0,414296533
19717,1,415891862
19718,3,416296244
19719,2,417060443
19720,2,417072021
19721,0,418140411
19722,4,418601724
19723,1,419274808
19724,3,422133948
19725,0,429768523
19726,0,430165533
19727,0,430211772
19728,0,430398282
19729,0,430622991
19730,0,430678207
19731,2,430741368
19732,0,430833919
19733,1,431015570
19734,0,431247585
19735,0,431407608
19736,2,438519249
19737,3,438584496
19738,4,448357072
19739,4,451425098
19740,3,451589519
19741,0,451599998
19742,2,451736343
19743,0,452337450
19744,3,452536050
19745,4,452571360
19746,1,452770701
19747,3,452935787
19748,3,452954469
19749,2,453072118
19750,1,453077167
19751,0,453255400
19752,0,453788089
19753,0,453788636
19754,2,453902938
19755,1,454031943
19756,0,454553858
19757,0,454559125
19758,4,455075214
19759,1,455132550
19760,0,457052474
19761,2,458390508
19762,1,458664735
19763,3,459399355
19764,2,459952111
19765,0,459992769
19766,0,460337226
19767,0,460421145
19768,2,460927784
19769,0,461155029
19770,0,461462061
19771,3,462141154
19772,2,462392054
19773,0,462394467
19774,2,462417078
19775,4,463624058
19776,1,464109333
19777,2,465748097
19778,3,466312892
19779,0,466697779
19780,4,467850790
19781,1,468411573
19782,0,468573715
19783,0,469565503
19784,0,469613990
19785,0,469614058
19786,0,469934401
19787,3,470060054
19788,0,470121765
19789,0,470173336
19790,0,470319595
19791,2,470333252
19792,0,472096838
19793,3,472169124
19794,2,473537064
19795,2,473553830
19796,4,473571067
19797,2,473576967
19798,2,473753947
19799,4,473765980
19800,2,474827107
19801,0,475280401
19802,0,476178946
19803,1,476248578
19804,1,476251495
19805,0,476327480
19806,0,476478139
19807,2,476955118
19808,1,477296548
19809,1,477516470
19810,2,477576544
19811,3,478105457
19812,0,478332373
19813,0,478937228
19814,0,481376159
19815,4,481391201
19816,0,481757853
19817,0,485320465
19818,0,485360141
19819,3,485498077
19820,2,485878211
19821,4,488194817
19822,2,488264363
19823,0,488312641
19824,1,488699490
19825,0,490287320
19826,3,491052582
19827,2,491915196
19828,0,492621868
19829,0,493858422
19830,0,493974144
19831,3,494436604
19832,2,494584547
19833,2,494932976
19834,0,495105274
19835,2,495730616
19836,2,496047465
19837,0,496228715
19838,2,496746156
19839,0,496763719
19840,2,496991994
19841,0,497050108
19842,2,497627730
19843,0,497970275
19844,2,498059804
19845,0,498941474
19846,3,500195460
19847,0,500358993
19848,2,500839061
19849,3,501291344
19850,2,501859748
19851,0,504796773
19852,3,505054742
19853,0,505180180
19854,3,505731858
19855,2,506234562
19856,2,507038961
19857,0,507116763
19858,3,507960637
19859,0,509278768
19860,0,510414328
19861,2,510656366
19862,0,510678209
19863,3,511012236
19864,0,511262906
19865,2,511267783
19866,0,511328007
19867,3,511401370
19868,1,511443001
19869,0,511505119
19870,1,511817367
19871,1,512036838
19872,2,512168561
19873,2,512291396
19874,2,512528413
19875,2,513552874
19876,0,513632599
19877,4,513660416
19878,1,513750105
19879,0,513901083
19880,0,514905156
19881,1,515013468
19882,4,515121529
19883,3,515530817
19884,1,515753107
19885,1,515795214
19886,3,516813095
19887,3,517127031
19888,0,517210862
19889,0,517479414
19890,3,519224396
19891,2,519425743
19892,1,520028968
19893,3,520070023
19894,0,520136806
19895,0,520399374
19896,0,520553277
19897,0,521097029
19898,0,521356697
19899,0,521413997
19900,1,521903238
19901,2,522206380
19902,0,523558959
19903,2,523994772
19904,1,524131961
19905,1,524462413
19906,1,526521564
19907,2,526734622
19908,0,526916289
19909,0,526969815
19910,3,527171579
19911,0,527185202
19912,0,527635989
19913,0,529135225
19914,0,529139619
19915,1,529450395
19916,0,529798247
19917,0,530039968
19918,0,530168470
19919,0,530627697
19920,0,530848796
19921,0,531079484
19922,2,531247724
19923,2,532652327
19924,0,532988692
19925,0,533309252
19926,0,533606001
19927,2,533608464
19928,2,533612710
19929,0,534227751
19930,1,536547082
19931,3,539071729
19932,0,539824187
19933,0,539870983
19934,1,539965847
19935,0,540408128
19936,0,540408723
19937,0,540454633
19938,0,541426130
19939,1,541515590
19940,2,542161411
19941,1,542234721
19942,1,542818393
19943,0,542833177
19944,3,542896704
19945,2,543973075
19946,0,544831918
19947,0,544867044
19948,2,545195475
19949,4,545694064
19950,0,545784115
19951,3,546729128
19952,2,547153178
19953,2,547246736
19954,2,547316178
19955,0,547833323
19956,2,547884976
19957,2,547885248
19958,1,547885501
19959,2,548693315
19960,1,549857689
19961,2,550385042
19962,1,550585561
19963,2,551891348
19964,0,551916881
19965,2,552527466
19966,0,553644908
19967,3,553954140
19968,2,556227883
19969,3,558055020
19970,2,558061184
19971,0,559745502
19972,2,560076808
19973,1,560263046
19974,3,560386399
19975,2,560639128
19976,2,561113906
19977,3,561163191
19978,1,561170886
19979,0,561333279
19980,0,561757265
19981,2,562313938
19982,0,562698766
19983,1,562776008
19984,2,563057172
19985,0,563805644
19986,3,563838726
19987,2,563847204
19988,2,563847523
19989,2,564006427
19990,0,564375122
19991,2,565122271
19992,0,565668341
19993,2,565693961
19994,3,565776531
19995,0,566096339
19996,0,566890533
19997,2,566941260
19998,0,567037410
19999,0,567040335
